NaN 14.84 NaN 5.763 NaN 2.221 5.22
NaN 14.57 NaN 5.554 NaN NaN NaN
NaN NaN NaN NaN 3.337 2.699 4.825
NaN 13.94 0.8955 NaN 3.379 2.259 4.805
NaN 14.99 0.9034 5.658 NaN 1.355 5.175
14.38 14.21 0.8951 5.386 3.312 2.462 4.956
14.69 14.49 NaN 5.563 3.259 NaN 5.219
NaN 14.1 0.8911 5.42 3.302 2.7 5
16.63 15.46 0.8747 6.053 3.465 2.04 5.877
16.44 15.25 0.888 5.884 3.505 1.969 5.533
NaN NaN 0.8696 NaN NaN NaN NaN
14.03 NaN 0.8796 5.438 NaN NaN 5.001
NaN 14.02 0.888 NaN 3.199 3.986 4.738
NaN 14.06 0.8759 5.479 3.156 3.136 4.872
NaN 14.05 0.8744 5.482 NaN 2.932 4.825
14.59 14.28 NaN 5.351 NaN NaN 4.781
13.99 13.83 0.9183 NaN NaN NaN 4.781
NaN NaN NaN 5.527 NaN 1.599 5.046
14.7 14.21 0.9153 5.205 3.466 1.767 4.649
12.72 13.57 0.8686 NaN 3.049 4.102 NaN
14.16 14.4 0.8584 5.658 3.129 3.072 NaN
NaN NaN NaN 5.52 3.168 2.688 5.219
15.88 NaN NaN 5.618 3.507 0.7651 NaN
12.08 13.23 0.8664 5.099 2.936 NaN NaN
NaN NaN 0.8657 NaN 3.245 NaN 5.001
NaN 15.16 0.8849 NaN 3.421 NaN 5.307
NaN 13.76 NaN 5.395 3.026 3.373 4.825
NaN 13.67 NaN 5.395 2.956 2.504 4.869
NaN 14.18 NaN NaN 3.221 2.754 NaN
NaN 14.02 0.8604 NaN 3.065 3.531 NaN
13.16 13.82 0.8662 5.454 NaN NaN NaN
15.49 14.94 0.8724 NaN 3.371 3.412 5.228
14.09 NaN NaN 5.717 NaN 3.92 NaN
13.94 14.17 NaN 5.585 3.15 2.124 5.012
15.05 14.68 0.8779 NaN 3.328 2.129 5.36
NaN 15 NaN NaN 3.485 2.27 5.443
16.2 15.27 NaN 5.826 NaN NaN NaN
17.08 NaN NaN 5.832 3.683 NaN 5.484
14.8 14.52 0.8823 5.656 3.288 3.112 5.309
14.28 NaN 0.8944 NaN 3.298 6.685 5.001
NaN 13.85 0.8871 5.348 NaN 2.587 5.178
NaN NaN NaN 5.351 3.158 NaN 5.176
13.16 13.55 0.9009 NaN 3.201 2.461 4.783
15.5 NaN NaN NaN 3.396 4.711 5.528
NaN NaN 0.8986 5.579 NaN 3.128 5.18
NaN 14.04 0.8794 5.376 NaN 1.56 NaN
15.36 14.76 NaN NaN NaN 1.367 5.132
NaN NaN 0.8883 5.57 NaN 2.958 5.175
14.79 14.52 0.8819 5.545 3.291 2.704 5.111
14.86 14.67 NaN 5.678 3.258 2.129 5.351
NaN 14.4 NaN 5.585 3.272 3.975 5.144
15.78 14.91 0.8923 NaN NaN NaN NaN
14.49 NaN 0.8538 5.715 NaN NaN 5.396
NaN 14.28 0.8831 5.504 NaN 3.328 5.224
14.52 14.6 0.8557 5.741 3.113 1.481 5.487
NaN NaN 0.8658 5.702 3.212 NaN 5.439
14.46 14.35 0.8818 5.388 NaN NaN 5.044
14.92 NaN 0.9006 NaN NaN 1.142 NaN
NaN 14.77 0.8857 5.662 3.419 1.999 NaN
12.11 13.47 0.8392 5.159 3.032 1.502 4.519
11.42 12.86 0.8683 5.008 2.85 2.7 4.607
11.23 12.63 0.884 4.902 2.879 NaN 4.703
12.36 13.19 0.8923 NaN 3.042 3.22 NaN
13.22 13.84 0.868 NaN 3.07 4.157 NaN
NaN 13.57 0.8716 NaN 3.026 1.176 4.782
12.88 13.5 0.8879 NaN NaN 2.352 4.607
14.34 14.37 0.8726 5.63 3.19 NaN NaN
14.01 14.29 0.8625 5.609 NaN 2.217 5.132
14.37 14.39 0.8726 NaN 3.153 NaN NaN
12.73 NaN NaN 5.412 2.882 3.533 5.067
17.63 NaN 0.8673 6.191 NaN 4.076 6.06
NaN 15.67 NaN 5.998 3.484 4.675 NaN
17.26 15.73 0.8763 5.978 NaN 4.539 5.791
19.11 16.26 NaN 6.154 3.93 2.936 6.079
16.82 15.51 0.8786 6.017 3.486 4.004 NaN
16.77 15.62 0.8638 5.927 NaN NaN 5.795
NaN 15.91 0.8599 NaN NaN NaN NaN
NaN 17.23 0.8763 6.579 NaN 4.451 NaN
18.94 NaN 0.875 NaN 3.639 5.064 6.362
NaN 15.55 0.8892 5.85 NaN 2.858 NaN
NaN NaN 0.8823 5.875 3.467 5.532 5.88
18.72 16.19 NaN 6.006 3.857 5.324 5.879
20.2 16.89 NaN 6.285 3.864 5.173 NaN
NaN 16.74 NaN 6.384 3.772 1.472 6.273
19.51 16.71 0.878 6.366 NaN 2.962 6.185
18.27 16.09 0.887 6.173 3.651 2.443 6.197
18.88 NaN 0.8969 6.084 3.764 NaN 6.109
18.98 16.66 0.859 6.549 3.67 3.691 6.498
21.18 17.21 0.8989 6.573 4.033 5.78 6.231
20.88 17.05 0.9031 6.45 4.032 5.016 NaN
20.1 16.99 0.8746 6.581 3.785 1.955 6.449
NaN NaN NaN NaN NaN 3.12 6.053
NaN NaN NaN 6.272 3.693 3.237 6.053
NaN NaN 0.9066 6.037 3.86 6.001 NaN
NaN 16.52 0.8452 6.666 3.485 NaN 6.448
16.87 15.65 0.8648 NaN 3.463 NaN 5.967
19.31 NaN 0.8815 6.341 NaN 3.477 NaN
18.98 NaN NaN NaN 3.552 2.144 6.453
18.17 16.26 0.8637 6.271 3.512 2.853 NaN
18.72 NaN 0.881 NaN 3.684 2.188 6.097
16.41 15.25 0.8866 5.718 3.525 4.217 5.618
17.99 NaN NaN 5.89 3.694 2.068 5.837
NaN 16.5 0.8985 6.113 NaN 4.308 6.009
NaN 16.63 NaN 6.369 3.681 3.357 6.229
NaN NaN NaN 6.248 3.755 NaN 6.148
18.83 16.29 0.8917 6.037 3.786 NaN 5.879
18.85 16.17 0.9056 6.152 3.806 2.843 6.2
17.63 NaN 0.88 6.033 3.573 NaN NaN
NaN 16.92 NaN 6.675 NaN 3.252 6.55
18.55 16.22 0.8865 6.153 3.674 NaN 5.894
18.45 16.12 0.8921 6.107 NaN NaN 5.794
19.38 16.72 0.8716 6.303 3.791 NaN NaN
19.13 16.31 0.9035 6.183 3.902 2.109 5.924
19.14 16.61 0.8722 NaN NaN 6.682 NaN
20.97 17.25 0.8859 6.563 3.991 NaN 6.316
19.06 16.45 0.8854 NaN NaN 2.248 6.163
18.96 NaN 0.9077 6.051 NaN NaN 5.75
19.15 16.45 NaN 6.245 NaN NaN 6.185
NaN NaN 0.9008 NaN NaN NaN 5.966
20.03 16.9 0.8811 NaN 3.857 3.063 6.32
20.24 16.91 NaN 6.315 3.962 5.901 6.188
NaN 16.12 0.8772 6.059 NaN 3.619 NaN
16.17 NaN 0.8588 5.762 3.387 NaN 5.703
18.43 NaN 0.9077 5.98 3.771 2.984 5.905
15.99 NaN NaN 5.363 3.582 3.336 5.144
18.75 16.18 NaN 6.111 NaN 4.188 5.992
NaN 16.41 NaN NaN 3.594 NaN 6.102
17.98 15.85 0.8993 5.979 NaN 2.257 5.919
20.16 17.03 0.8735 6.513 3.773 NaN NaN
NaN 15.66 0.8991 5.791 NaN NaN 5.661
18.3 15.89 0.9108 NaN 3.755 2.837 5.962
NaN NaN 0.8942 NaN NaN 2.908 5.949
15.38 NaN 0.8706 NaN 3.268 NaN 5.795
NaN 15.33 NaN 5.845 3.395 4.266 5.795
15.56 NaN 0.8823 5.776 3.408 4.972 NaN
NaN 14.66 NaN 5.477 3.465 3.6 5.439
NaN 15.76 0.8785 6.145 NaN 3.526 NaN
NaN 15.15 NaN NaN 3.231 2.64 5.879
15.6 15.11 NaN 5.832 NaN NaN NaN
16.23 15.18 0.885 NaN 3.472 3.769 5.922
13.07 13.92 0.848 5.472 NaN 5.304 NaN
13.32 13.94 0.8613 NaN 3.073 7.035 5.44
13.34 13.95 0.862 5.389 3.074 NaN NaN
12.22 13.32 0.8652 5.224 2.967 5.469 NaN
11.82 13.4 0.8274 5.314 2.777 NaN 5.178
11.21 13.13 0.8167 5.279 2.687 6.169 5.275
11.43 NaN 0.8335 NaN 2.719 2.221 NaN
12.49 13.46 0.8658 5.267 NaN NaN 5.002
12.7 NaN NaN 5.386 2.911 3.26 5.316
10.79 12.93 NaN 5.317 NaN NaN 5.194
11.83 NaN 0.8496 5.263 NaN 5.195 5.307
NaN 13.52 0.8249 5.405 2.776 6.992 NaN
12.26 NaN 0.8333 5.408 NaN 4.756 NaN
11.18 NaN 0.8266 NaN NaN 3.332 5.001
NaN 13.05 0.8382 5.175 2.755 4.048 5.263
11.19 13.05 NaN 5.25 2.675 5.813 5.219
11.34 NaN 0.8596 5.053 2.849 3.347 NaN
12.13 13.73 0.8081 NaN 2.745 NaN NaN
11.75 13.52 NaN NaN 2.678 NaN 5.31
NaN 13.22 NaN 5.304 2.695 5.388 NaN
12.54 13.67 NaN 5.451 2.879 3.082 5.491
12.02 13.33 0.8503 5.35 2.81 4.271 NaN
12.05 NaN 0.8416 NaN 2.847 4.988 NaN
12.55 13.57 0.8558 5.333 2.968 4.419 5.176
11.14 NaN 0.8558 5.011 NaN 6.388 NaN
12.1 13.15 0.8793 NaN 2.941 2.201 NaN
NaN 13.59 NaN 5.319 2.897 4.924 NaN
12.15 13.45 0.8443 5.417 2.837 NaN 5.338
11.35 NaN 0.8291 5.176 NaN 4.337 5.132
11.24 13 0.8359 5.09 2.715 3.521 5.088
11.02 13 0.8189 NaN 2.701 NaN 5.163
NaN 13.1 0.8455 5.167 2.845 6.715 NaN
11.27 12.97 NaN 5.088 2.763 4.309 NaN
11.4 13.08 NaN 5.136 2.763 5.588 NaN
10.83 NaN 0.8099 5.278 2.641 NaN 5.185
10.8 NaN NaN 4.981 NaN 4.773 5.063
11.26 13.01 0.8355 5.186 2.71 5.335 5.092
10.74 NaN 0.8329 5.145 NaN NaN NaN
11.48 13.05 0.8473 5.18 NaN 5.876 5.002
NaN 13.47 0.8453 NaN 2.893 1.661 5.178
11.41 NaN 0.856 5.09 2.775 NaN 4.825
12.46 NaN NaN 5.236 NaN 4.987 5.147
NaN NaN 0.8579 5.24 2.909 4.857 NaN
11.65 NaN NaN 5.108 2.85 5.209 5.135
NaN 13.77 NaN NaN 3.026 6.185 5.316
NaN 13.31 0.8198 5.363 2.683 4.062 5.182
NaN NaN 0.8198 NaN NaN 4.898 5.352
10.91 NaN 0.8372 5.088 2.675 4.179 NaN
11.23 12.82 0.8594 5.089 2.821 NaN 4.957
NaN 12.41 NaN 4.899 2.787 4.975 4.794
10.93 12.8 0.839 NaN 2.717 NaN NaN
11.27 12.86 0.8563 5.091 2.804 3.985 NaN
11.87 NaN 0.8795 5.132 2.953 3.597 5.132
NaN NaN NaN 5.18 2.63 NaN 5.089
12.11 13.27 NaN NaN NaN 4.132 5.012
NaN 13.47 0.886 5.16 NaN 4.873 4.914
12.79 13.53 0.8786 5.224 3.054 5.483 4.958
NaN 13.78 NaN 5.32 NaN 4.67 NaN
NaN 13.67 0.8481 5.41 2.911 3.306 NaN
12.76 13.38 0.8964 NaN NaN 2.828 4.83
12.38 13.44 0.8609 5.219 NaN 5.472 5.045
12.67 NaN NaN NaN NaN 2.3 4.745
11.18 12.72 NaN 5.009 2.81 4.051 4.828
12.7 13.41 0.8874 5.183 3.091 8.456 5
NaN 13.47 0.8567 5.204 NaN 3.919 5.001
12.19 13.2 0.8783 5.137 NaN 3.631 4.87
11.23 12.88 NaN NaN 2.795 4.325 5.003
NaN 13.66 NaN 5.236 3.232 NaN 5.056
11.84 13.21 0.8521 5.175 NaN NaN 5.044
NaN NaN 0.8684 5.243 NaN NaN NaN
