15.26 14.84 NaN 5.763 3.312 NaN NaN
14.88 14.57 0.8811 5.554 NaN 1.018 4.956
NaN 14.09 0.905 NaN NaN 2.699 4.825
13.84 13.94 NaN 5.324 3.379 NaN 4.805
16.14 NaN 0.9034 5.658 3.562 NaN 5.175
14.38 14.21 0.8951 5.386 3.312 2.462 4.956
NaN NaN NaN NaN NaN 3.586 5.219
NaN NaN 0.8911 NaN NaN 2.7 5
NaN NaN NaN 6.053 3.465 2.04 5.877
16.44 NaN NaN 5.884 3.505 NaN NaN
15.26 NaN 0.8696 5.714 3.242 4.543 5.314
14.03 NaN 0.8796 5.438 NaN NaN 5.001
NaN 14.02 NaN NaN 3.199 3.986 4.738
13.78 14.06 NaN NaN 3.156 3.136 4.872
NaN NaN NaN NaN NaN NaN 4.825
NaN 14.28 0.8993 NaN 3.333 4.185 4.781
13.99 13.83 0.9183 NaN NaN 5.234 NaN
NaN 14.75 0.9058 NaN 3.514 1.599 5.046
14.7 NaN NaN 5.205 NaN NaN 4.649
NaN NaN NaN NaN 3.049 4.102 NaN
NaN 14.4 0.8584 NaN NaN 3.072 NaN
NaN 14.26 0.8722 NaN 3.168 2.688 5.219
15.88 14.9 NaN 5.618 3.507 NaN 5.091
12.08 13.23 0.8664 5.099 NaN 1.415 NaN
15.01 NaN NaN NaN NaN 1.791 NaN
16.19 NaN 0.8849 5.833 NaN 0.903 5.307
NaN NaN 0.8641 5.395 NaN NaN NaN
NaN 13.67 0.8564 5.395 2.956 2.504 4.869
14.11 14.18 0.882 5.541 3.221 2.754 NaN
13.45 NaN 0.8604 5.516 3.065 3.531 NaN
13.16 NaN NaN 5.454 2.975 0.8551 5.056
15.49 14.94 0.8724 5.757 3.371 NaN 5.228
14.09 14.41 0.8529 5.717 NaN NaN 5.299
13.94 NaN 0.8728 5.585 3.15 NaN 5.012
15.05 NaN NaN 5.712 3.328 2.129 5.36
NaN NaN 0.9 NaN NaN 2.27 5.443
NaN 15.27 NaN 5.826 3.464 NaN 5.527
NaN 15.38 0.9079 NaN NaN NaN 5.484
14.8 14.52 0.8823 5.656 NaN 3.112 NaN
14.28 14.17 NaN 5.397 NaN 6.685 5.001
13.54 13.85 0.8871 5.348 3.156 2.587 NaN
NaN NaN 0.8852 5.351 NaN NaN NaN
NaN 13.55 0.9009 5.138 3.201 NaN NaN
NaN NaN NaN NaN 3.396 4.711 NaN
NaN 14.54 NaN 5.579 3.462 3.128 5.18
13.8 NaN NaN 5.376 3.155 NaN NaN
NaN NaN 0.8861 5.701 NaN 1.367 5.132
NaN 14.56 0.8883 5.57 NaN NaN 5.175
14.79 14.52 0.8819 NaN 3.291 NaN NaN
14.86 14.67 NaN 5.678 3.258 NaN 5.351
14.43 14.4 NaN NaN 3.272 3.975 5.144
15.78 NaN NaN NaN 3.434 5.593 NaN
14.49 14.61 NaN NaN NaN 4.116 5.396
NaN 14.28 NaN 5.504 NaN 3.328 5.224
NaN 14.6 NaN NaN 3.113 1.481 5.487
15.03 NaN NaN NaN 3.212 NaN 5.439
NaN NaN 0.8818 5.388 NaN 2.802 5.044
NaN 14.43 NaN 5.384 3.412 1.142 5.088
15.38 NaN NaN 5.662 NaN 1.999 5.222
12.11 13.47 0.8392 NaN 3.032 1.502 4.519
11.42 12.86 NaN NaN 2.85 NaN NaN
11.23 12.63 0.884 4.902 2.879 NaN NaN
12.36 13.19 0.8923 5.076 3.042 3.22 4.605
13.22 NaN NaN 5.395 3.07 4.157 5.088
NaN NaN 0.8716 5.262 3.026 1.176 4.782
12.88 13.5 0.8879 5.139 3.119 2.352 NaN
14.34 14.37 0.8726 5.63 NaN 1.313 5.15
NaN 14.29 0.8625 5.609 NaN 2.217 5.132
NaN 14.39 0.8726 5.569 NaN 1.464 NaN
12.73 NaN 0.8458 5.412 NaN 3.533 5.067
17.63 15.98 0.8673 6.191 3.561 NaN 6.06
NaN NaN 0.8623 NaN 3.484 4.675 NaN
17.26 15.73 NaN NaN 3.594 4.539 5.791
19.11 16.26 0.9081 6.154 NaN 2.936 6.079
NaN 15.51 NaN NaN NaN 4.004 NaN
16.77 15.62 0.8638 5.927 NaN NaN NaN
NaN NaN 0.8599 6.064 3.403 3.824 5.922
20.71 17.23 0.8763 6.579 3.814 NaN 6.451
18.94 16.49 0.875 6.445 3.639 5.064 NaN
17.12 15.55 0.8892 NaN 3.566 2.858 NaN
16.53 NaN NaN NaN 3.467 5.532 NaN
18.72 16.19 NaN NaN 3.857 5.324 NaN
20.2 16.89 NaN NaN 3.864 5.173 6.187
19.57 16.74 0.8779 NaN 3.772 NaN 6.273
NaN 16.71 0.878 6.366 3.801 2.962 6.185
18.27 NaN NaN 6.173 3.651 2.443 6.197
NaN 16.26 0.8969 6.084 3.764 NaN NaN
18.98 NaN 0.859 NaN NaN 3.691 NaN
21.18 NaN 0.8989 6.573 4.033 5.78 6.231
NaN 17.05 0.9031 6.45 NaN NaN 6.321
20.1 16.99 0.8746 NaN 3.785 1.955 NaN
NaN 16.2 0.8984 6.172 3.796 3.12 NaN
18.81 16.29 0.8906 6.272 NaN NaN NaN
18.59 16.05 0.9066 6.037 3.86 6.001 5.877
NaN NaN 0.8452 6.666 3.485 4.933 6.448
NaN 15.65 0.8648 6.139 NaN 3.696 5.967
19.31 NaN 0.8815 6.341 NaN 3.477 6.238
NaN 16.57 0.8687 6.449 3.552 NaN 6.453
18.17 NaN 0.8637 6.271 NaN NaN NaN
NaN 16.34 0.881 NaN NaN NaN 6.097
16.41 15.25 0.8866 5.718 3.525 4.217 NaN
17.99 NaN 0.8992 5.89 3.694 NaN 5.837
19.46 NaN 0.8985 NaN NaN 4.308 6.009
NaN 16.63 NaN NaN 3.681 3.357 NaN
NaN 16.42 0.8829 NaN 3.755 3.368 NaN
NaN NaN 0.8917 6.037 3.786 NaN NaN
18.85 NaN 0.9056 6.152 3.806 2.843 NaN
17.63 NaN NaN NaN 3.573 3.747 5.929
NaN 16.92 NaN NaN 3.763 3.252 NaN
18.55 16.22 0.8865 6.153 3.674 1.738 5.894
18.45 NaN 0.8921 6.107 3.769 2.235 5.794
19.38 16.72 0.8716 6.303 NaN 3.678 5.965
19.13 NaN NaN NaN NaN NaN 5.924
NaN NaN 0.8722 6.259 3.737 NaN NaN
20.97 17.25 0.8859 NaN NaN 4.677 6.316
19.06 NaN NaN 6.416 3.719 2.248 6.163
NaN 16.2 0.9077 NaN 3.897 NaN NaN
19.15 16.45 0.889 NaN 3.815 NaN 6.185
NaN 16.23 0.9008 6.227 NaN 3.639 NaN
20.03 16.9 NaN NaN 3.857 3.063 6.32
20.24 NaN NaN NaN 3.962 5.901 6.188
NaN 16.12 NaN 6.059 3.563 NaN 6.011
16.17 NaN NaN 5.762 3.387 4.286 5.703
18.43 15.97 0.9077 5.98 3.771 2.984 5.905
15.99 14.89 0.9064 5.363 3.582 3.336 5.144
NaN 16.18 NaN NaN NaN 4.188 5.992
NaN 16.41 0.8698 NaN 3.594 NaN 6.102
17.98 15.85 0.8993 5.979 3.687 NaN 5.919
NaN 17.03 0.8735 NaN 3.773 1.91 NaN
NaN 15.66 0.8991 NaN NaN 5.366 NaN
18.3 15.89 NaN 5.979 NaN 2.837 NaN
18.94 NaN 0.8942 NaN 3.825 NaN 5.949
NaN 14.9 NaN NaN 3.268 4.462 5.795
16.16 15.33 NaN 5.845 NaN NaN NaN
15.56 14.89 NaN 5.776 NaN 4.972 5.847
15.38 14.66 NaN 5.477 3.465 NaN 5.439
17.36 15.76 NaN 6.145 3.574 NaN NaN
NaN NaN 0.8527 5.92 3.231 2.64 NaN
NaN 15.11 NaN 5.832 NaN 2.725 NaN
16.23 NaN 0.885 5.872 3.472 NaN NaN
NaN 13.92 0.848 NaN 2.994 NaN 5.395
13.32 13.94 0.8613 NaN 3.073 NaN 5.44
13.34 13.95 NaN 5.389 3.074 NaN 5.307
12.22 13.32 0.8652 5.224 NaN 5.469 5.221
NaN 13.4 0.8274 NaN 2.777 4.471 NaN
11.21 NaN 0.8167 5.279 2.687 6.169 5.275
11.43 13.13 0.8335 NaN 2.719 NaN 5.132
NaN 13.46 0.8658 5.267 2.967 NaN 5.002
12.7 13.71 0.8491 NaN NaN NaN NaN
10.79 NaN 0.8107 NaN 2.648 5.462 5.194
11.83 NaN NaN 5.263 NaN 5.195 NaN
NaN 13.52 0.8249 5.405 2.776 6.992 NaN
NaN 13.6 NaN NaN 2.833 4.756 5.36
NaN NaN 0.8266 NaN 2.693 NaN NaN
11.36 13.05 NaN 5.175 NaN 4.048 NaN
11.19 13.05 NaN 5.25 NaN 5.813 5.219
11.34 12.87 0.8596 5.053 NaN 3.347 NaN
NaN 13.73 0.8081 NaN 2.745 4.825 NaN
NaN 13.52 0.8082 5.444 2.678 4.378 5.31
11.49 13.22 NaN 5.304 NaN 5.388 5.31
12.54 NaN NaN 5.451 2.879 3.082 5.491
12.02 13.33 0.8503 5.35 2.81 NaN 5.308
12.05 13.41 NaN 5.267 2.847 4.988 5.046
NaN 13.57 0.8558 NaN 2.968 4.419 5.176
11.14 12.79 0.8558 5.011 2.794 NaN 5.049
12.1 NaN NaN NaN 2.941 NaN 5.056
12.44 NaN 0.8462 5.319 NaN 4.924 5.27
12.15 13.45 0.8443 5.417 2.837 3.638 5.338
NaN NaN 0.8291 NaN NaN NaN 5.132
NaN 13 0.8359 5.09 2.715 3.521 5.088
11.02 13 0.8189 NaN 2.701 6.735 5.163
11.55 13.1 NaN 5.167 NaN NaN 4.956
11.27 12.97 NaN NaN NaN 4.309 5
NaN 13.08 0.8375 NaN 2.763 NaN NaN
10.83 NaN 0.8099 NaN NaN 5.182 5.185
10.8 12.57 0.859 NaN 2.821 4.773 5.063
11.26 13.01 0.8355 5.186 2.71 NaN 5.092
10.74 12.73 0.8329 NaN 2.642 4.702 NaN
11.48 13.05 0.8473 5.18 2.758 5.876 5.002
NaN 13.47 0.8453 5.357 NaN NaN 5.178
11.41 NaN 0.856 5.09 2.775 4.957 NaN
NaN 13.41 0.8706 5.236 NaN 4.987 5.147
12.19 NaN 0.8579 5.24 2.909 4.857 5.158
NaN NaN NaN NaN NaN 5.209 NaN
12.89 13.77 0.8541 5.495 3.026 NaN 5.316
11.56 13.31 0.8198 5.363 2.683 4.062 NaN
11.81 13.45 NaN NaN 2.716 4.898 NaN
NaN 12.8 NaN NaN NaN 4.179 NaN
NaN 12.82 0.8594 NaN 2.821 7.524 4.957
10.59 12.41 0.8648 4.899 2.787 NaN 4.794
10.93 12.8 NaN 5.046 2.717 NaN 5.045
NaN 12.86 0.8563 5.091 2.804 NaN NaN
11.87 NaN 0.8795 NaN 2.953 3.597 5.132
10.82 12.83 NaN 5.18 NaN 4.853 5.089
12.11 NaN NaN 5.236 NaN NaN 5.012
12.8 NaN NaN NaN 3.126 4.873 NaN
12.79 NaN 0.8786 5.224 NaN NaN 4.958
13.37 13.78 0.8849 NaN 3.128 4.67 NaN
12.62 13.67 NaN 5.41 2.911 3.306 NaN
12.76 13.38 0.8964 NaN 3.155 2.828 4.83
NaN NaN 0.8609 NaN 2.989 5.472 5.045
12.67 13.32 0.8977 NaN 3.135 NaN NaN
11.18 12.72 0.868 5.009 2.81 4.051 4.828
12.7 13.41 0.8874 NaN NaN 8.456 5
NaN 13.47 0.8567 5.204 2.96 3.919 5.001
12.19 13.2 0.8783 5.137 2.981 3.631 4.87
11.23 12.88 0.8511 5.14 NaN 4.325 NaN
13.2 13.66 0.8883 5.236 3.232 8.315 NaN
11.84 NaN NaN 5.175 NaN 3.598 5.044
12.3 13.34 0.8684 NaN 2.974 5.637 5.063
