15.26 14.84 0.871 NaN 3.312 NaN 5.22
NaN NaN 0.8811 5.554 3.333 1.018 4.956
14.29 14.09 0.905 5.291 3.337 2.699 4.825
13.84 13.94 0.8955 5.324 3.379 2.259 NaN
16.14 NaN 0.9034 5.658 3.562 1.355 NaN
14.38 14.21 0.8951 5.386 NaN 2.462 4.956
14.69 14.49 0.8799 NaN 3.259 3.586 5.219
14.11 14.1 NaN 5.42 3.302 2.7 NaN
16.63 NaN 0.8747 6.053 3.465 2.04 5.877
NaN 15.25 0.888 5.884 NaN NaN NaN
15.26 14.85 0.8696 5.714 3.242 4.543 5.314
14.03 14.16 NaN 5.438 3.201 1.717 5.001
13.89 14.02 NaN 5.439 3.199 3.986 4.738
13.78 14.06 0.8759 5.479 3.156 3.136 4.872
13.74 14.05 NaN 5.482 3.114 2.932 4.825
NaN 14.28 0.8993 5.351 3.333 4.185 NaN
13.99 13.83 0.9183 5.119 3.383 5.234 NaN
NaN 14.75 0.9058 5.527 3.514 1.599 5.046
NaN NaN NaN 5.205 3.466 1.767 4.649
NaN 13.57 NaN NaN 3.049 NaN NaN
14.16 NaN NaN 5.658 NaN NaN 5.176
14.11 14.26 NaN 5.52 3.168 2.688 NaN
15.88 NaN 0.8988 NaN 3.507 0.7651 5.091
12.08 13.23 0.8664 NaN NaN NaN 4.961
15.01 14.76 0.8657 5.789 3.245 1.791 5.001
16.19 15.16 0.8849 5.833 NaN 0.903 5.307
NaN NaN NaN 5.395 3.026 3.373 4.825
12.74 13.67 0.8564 5.395 2.956 2.504 4.869
14.11 NaN NaN NaN 3.221 2.754 NaN
13.45 14.02 0.8604 5.516 3.065 3.531 5.097
13.16 13.82 NaN 5.454 NaN 0.8551 5.056
NaN 14.94 0.8724 5.757 3.371 3.412 5.228
NaN 14.41 0.8529 5.717 3.186 3.92 5.299
NaN 14.17 0.8728 5.585 3.15 NaN 5.012
15.05 14.68 0.8779 5.712 NaN NaN 5.36
16.12 NaN 0.9 5.709 3.485 2.27 5.443
16.2 15.27 0.8734 5.826 3.464 2.823 5.527
17.08 NaN 0.9079 5.832 3.683 2.956 5.484
14.8 14.52 0.8823 NaN 3.288 3.112 5.309
NaN 14.17 0.8944 5.397 3.298 6.685 5.001
NaN NaN NaN NaN 3.156 NaN 5.178
13.5 13.85 NaN 5.351 NaN 2.249 5.176
13.16 13.55 NaN 5.138 NaN 2.461 4.783
15.5 14.86 NaN 5.877 3.396 NaN 5.528
15.11 14.54 0.8986 5.579 3.462 3.128 5.18
13.8 14.04 0.8794 5.376 3.155 NaN NaN
15.36 14.76 NaN 5.701 3.393 NaN 5.132
NaN 14.56 0.8883 5.57 3.377 2.958 NaN
14.79 14.52 0.8819 NaN 3.291 2.704 NaN
14.86 14.67 0.8676 5.678 3.258 2.129 5.351
14.43 14.4 0.8751 5.585 3.272 NaN 5.144
15.78 14.91 0.8923 5.674 3.434 5.593 NaN
14.49 14.61 NaN NaN 3.113 NaN 5.396
NaN 14.28 0.8831 5.504 NaN 3.328 NaN
14.52 NaN 0.8557 5.741 3.113 NaN NaN
15.03 14.77 0.8658 5.702 3.212 NaN 5.439
14.46 14.35 0.8818 5.388 3.377 NaN 5.044
NaN 14.43 0.9006 5.384 3.412 1.142 5.088
15.38 14.77 0.8857 NaN 3.419 NaN 5.222
12.11 13.47 0.8392 5.159 3.032 1.502 NaN
11.42 NaN 0.8683 5.008 NaN NaN 4.607
NaN NaN NaN 4.902 NaN 2.269 4.703
NaN 13.19 0.8923 5.076 3.042 3.22 4.605
NaN 13.84 0.868 5.395 3.07 4.157 5.088
NaN 13.57 NaN NaN NaN 1.176 4.782
NaN 13.5 0.8879 5.139 3.119 NaN NaN
14.34 14.37 0.8726 5.63 NaN 1.313 5.15
NaN 14.29 0.8625 5.609 3.158 2.217 NaN
14.37 14.39 0.8726 5.569 NaN 1.464 5.3
NaN 13.75 0.8458 5.412 NaN NaN 5.067
17.63 NaN 0.8673 6.191 3.561 NaN 6.06
16.84 NaN 0.8623 5.998 NaN 4.675 5.877
17.26 15.73 NaN 5.978 3.594 4.539 5.791
19.11 16.26 0.9081 NaN NaN 2.936 6.079
16.82 15.51 0.8786 6.017 NaN 4.004 5.841
16.77 15.62 0.8638 5.927 3.438 NaN 5.795
17.32 15.91 0.8599 6.064 3.403 3.824 5.922
NaN NaN NaN 6.579 3.814 4.451 NaN
18.94 16.49 0.875 6.445 3.639 NaN 6.362
NaN 15.55 0.8892 NaN 3.566 2.858 5.746
16.53 15.34 0.8823 5.875 3.467 5.532 NaN
NaN 16.19 0.8977 6.006 3.857 5.324 5.879
20.2 16.89 0.8894 6.285 NaN NaN NaN
NaN 16.74 0.8779 NaN 3.772 1.472 NaN
NaN NaN 0.878 6.366 3.801 NaN 6.185
NaN NaN 0.887 6.173 3.651 2.443 6.197
18.88 16.26 0.8969 6.084 NaN 1.649 6.109
18.98 16.66 NaN NaN 3.67 NaN 6.498
21.18 NaN NaN NaN 4.033 5.78 6.231
NaN 17.05 NaN 6.45 4.032 NaN 6.321
20.1 16.99 0.8746 6.581 3.785 1.955 NaN
NaN 16.2 0.8984 6.172 NaN 3.12 NaN
18.81 NaN NaN 6.272 3.693 3.237 6.053
18.59 16.05 0.9066 NaN NaN 6.001 5.877
18.36 16.52 0.8452 6.666 3.485 4.933 NaN
16.87 15.65 0.8648 6.139 NaN 3.696 5.967
NaN 16.59 0.8815 6.341 3.81 3.477 6.238
18.98 NaN 0.8687 6.449 3.552 2.144 6.453
18.17 16.26 0.8637 6.271 3.512 2.853 6.273
18.72 NaN NaN NaN 3.684 NaN 6.097
NaN 15.25 0.8866 5.718 3.525 4.217 5.618
17.99 15.86 0.8992 5.89 3.694 2.068 5.837
19.46 16.5 0.8985 6.113 3.892 4.308 NaN
19.18 16.63 NaN NaN 3.681 3.357 6.229
18.95 16.42 0.8829 NaN 3.755 3.368 6.148
18.83 NaN 0.8917 NaN 3.786 2.553 NaN
18.85 16.17 0.9056 6.152 3.806 NaN 6.2
17.63 15.86 0.88 6.033 NaN 3.747 5.929
NaN 16.92 0.8752 NaN 3.763 3.252 6.55
18.55 16.22 0.8865 6.153 NaN 1.738 5.894
18.45 NaN 0.8921 6.107 3.769 2.235 5.794
19.38 16.72 0.8716 6.303 NaN 3.678 5.965
19.13 16.31 0.9035 6.183 3.902 2.109 5.924
19.14 16.61 0.8722 6.259 3.737 6.682 6.053
NaN NaN NaN 6.563 3.991 4.677 6.316
19.06 16.45 0.8854 6.416 3.719 2.248 NaN
NaN NaN 0.9077 NaN NaN 4.334 NaN
19.15 16.45 0.889 6.245 NaN 3.084 6.185
18.89 16.23 0.9008 6.227 NaN 3.639 5.966
20.03 NaN NaN 6.493 NaN 3.063 6.32
20.24 NaN 0.8897 6.315 NaN NaN NaN
18.14 NaN 0.8772 6.059 3.563 3.619 6.011
16.17 NaN NaN NaN NaN 4.286 5.703
NaN 15.97 NaN NaN NaN 2.984 NaN
15.99 NaN NaN 5.363 3.582 3.336 5.144
18.75 16.18 NaN 6.111 NaN 4.188 5.992
18.65 16.41 NaN 6.285 3.594 4.391 6.102
17.98 15.85 0.8993 NaN 3.687 2.257 NaN
20.16 17.03 0.8735 6.513 NaN 1.91 6.185
NaN 15.66 NaN 5.791 3.69 NaN 5.661
18.3 15.89 0.9108 5.979 3.755 2.837 5.962
NaN 16.32 0.8942 6.144 3.825 NaN 5.949
15.38 14.9 0.8706 5.884 NaN 4.462 5.795
16.16 15.33 0.8644 5.845 NaN 4.266 5.795
15.56 14.89 0.8823 NaN 3.408 4.972 5.847
15.38 NaN NaN 5.477 3.465 NaN NaN
17.36 15.76 NaN NaN 3.574 3.526 5.971
15.57 NaN 0.8527 5.92 3.231 2.64 5.879
15.6 15.11 0.858 5.832 3.286 NaN 5.752
16.23 15.18 0.885 5.872 3.472 3.769 5.922
13.07 13.92 0.848 NaN 2.994 5.304 NaN
13.32 NaN NaN NaN 3.073 7.035 NaN
NaN 13.95 0.862 5.389 NaN 5.995 5.307
NaN NaN 0.8652 5.224 2.967 5.469 5.221
NaN 13.4 0.8274 5.314 2.777 NaN NaN
11.21 NaN 0.8167 5.279 2.687 6.169 NaN
11.43 NaN 0.8335 5.176 2.719 NaN 5.132
12.49 13.46 NaN 5.267 2.967 4.421 5.002
12.7 13.71 0.8491 NaN 2.911 3.26 NaN
10.79 12.93 0.8107 5.317 2.648 NaN 5.194
NaN 13.23 NaN 5.263 NaN 5.195 5.307
12.01 13.52 0.8249 5.405 2.776 6.992 5.27
12.26 13.6 NaN 5.408 2.833 4.756 5.36
11.18 13.04 0.8266 5.22 2.693 3.332 5.001
11.36 13.05 NaN 5.175 NaN 4.048 NaN
NaN 13.05 NaN 5.25 2.675 5.813 5.219
11.34 12.87 0.8596 5.053 2.849 3.347 5.003
12.13 NaN NaN NaN 2.745 NaN NaN
NaN 13.52 0.8082 NaN NaN NaN 5.31
11.49 NaN 0.8263 5.304 2.695 5.388 5.31
12.54 13.67 0.8425 NaN 2.879 3.082 5.491
12.02 13.33 0.8503 5.35 2.81 4.271 NaN
12.05 13.41 0.8416 5.267 NaN 4.988 5.046
12.55 13.57 0.8558 5.333 2.968 4.419 5.176
11.14 NaN 0.8558 5.011 NaN NaN NaN
NaN NaN 0.8793 NaN 2.941 2.201 5.056
NaN NaN NaN 5.319 2.897 4.924 NaN
12.15 13.45 0.8443 5.417 2.837 3.638 5.338
NaN 13.12 0.8291 5.176 2.668 4.337 NaN
NaN 13 NaN NaN NaN 3.521 5.088
11.02 NaN NaN NaN 2.701 6.735 NaN
11.55 13.1 NaN 5.167 NaN 6.715 4.956
11.27 12.97 NaN 5.088 NaN NaN 5
11.4 13.08 0.8375 5.136 2.763 NaN 5.089
10.83 12.96 0.8099 5.278 2.641 5.182 5.185
10.8 NaN 0.859 4.981 2.821 4.773 5.063
11.26 NaN 0.8355 NaN 2.71 5.335 5.092
10.74 12.73 0.8329 5.145 2.642 4.702 NaN
11.48 13.05 NaN 5.18 NaN 5.876 5.002
NaN 13.47 0.8453 5.357 2.893 NaN 5.178
11.41 NaN NaN 5.09 2.775 4.957 4.825
12.46 NaN 0.8706 5.236 NaN 4.987 5.147
NaN 13.36 0.8579 5.24 NaN 4.857 5.158
NaN 13.07 0.8575 5.108 2.85 5.209 5.135
NaN 13.77 NaN 5.495 3.026 6.185 5.316
11.56 13.31 0.8198 5.363 2.683 NaN 5.182
11.81 NaN 0.8198 5.413 2.716 NaN 5.352
10.91 12.8 0.8372 NaN NaN 4.179 4.956
11.23 NaN 0.8594 5.089 2.821 NaN 4.957
10.59 12.41 0.8648 4.899 2.787 4.975 4.794
10.93 12.8 NaN 5.046 2.717 5.398 5.045
11.27 12.86 0.8563 5.091 2.804 NaN 5.001
11.87 13.02 0.8795 5.132 2.953 3.597 5.132
NaN 12.83 0.8256 NaN NaN 4.853 5.089
NaN NaN 0.8639 5.236 2.975 4.132 5.012
12.8 13.47 0.886 5.16 3.126 4.873 4.914
12.79 NaN 0.8786 NaN 3.054 5.483 4.958
NaN 13.78 0.8849 5.32 NaN 4.67 5.091
12.62 13.67 NaN NaN 2.911 3.306 5.231
12.76 13.38 0.8964 NaN 3.155 NaN 4.83
12.38 13.44 0.8609 5.219 2.989 5.472 NaN
NaN NaN 0.8977 4.984 3.135 2.3 4.745
11.18 12.72 NaN 5.009 2.81 4.051 4.828
12.7 13.41 0.8874 NaN 3.091 8.456 5
NaN 13.47 0.8567 5.204 NaN NaN 5.001
NaN NaN 0.8783 5.137 2.981 3.631 NaN
11.23 12.88 0.8511 5.14 2.795 4.325 5.003
13.2 13.66 0.8883 NaN 3.232 8.315 NaN
11.84 13.21 0.8521 5.175 2.836 3.598 5.044
NaN NaN 0.8684 5.243 2.974 5.637 NaN
