NaN 14.84 NaN NaN 3.312 2.221 5.22
14.88 14.57 0.8811 5.554 3.333 1.018 4.956
14.29 NaN 0.905 5.291 3.337 NaN 4.825
NaN 13.94 0.8955 5.324 3.379 2.259 NaN
16.14 14.99 NaN 5.658 3.562 NaN 5.175
14.38 NaN NaN 5.386 NaN NaN 4.956
14.69 14.49 NaN NaN 3.259 NaN 5.219
14.11 NaN 0.8911 5.42 3.302 2.7 5
16.63 15.46 0.8747 6.053 3.465 2.04 5.877
16.44 15.25 0.888 NaN NaN NaN 5.533
15.26 14.85 0.8696 NaN 3.242 4.543 5.314
14.03 14.16 NaN 5.438 3.201 1.717 5.001
13.89 14.02 0.888 5.439 3.199 3.986 4.738
13.78 14.06 NaN 5.479 3.156 NaN 4.872
NaN NaN 0.8744 5.482 3.114 2.932 NaN
14.59 14.28 NaN 5.351 3.333 4.185 4.781
13.99 13.83 0.9183 NaN 3.383 NaN NaN
15.69 14.75 0.9058 5.527 3.514 1.599 NaN
14.7 14.21 0.9153 5.205 3.466 1.767 4.649
12.72 13.57 0.8686 NaN 3.049 NaN 4.914
14.16 14.4 0.8584 NaN 3.129 3.072 5.176
14.11 14.26 0.8722 5.52 3.168 2.688 NaN
15.88 14.9 0.8988 5.618 3.507 0.7651 5.091
NaN 13.23 0.8664 5.099 NaN 1.415 4.961
15.01 14.76 0.8657 5.789 3.245 1.791 NaN
16.19 NaN 0.8849 5.833 3.421 0.903 NaN
13.02 NaN 0.8641 5.395 NaN NaN 4.825
12.74 13.67 0.8564 5.395 2.956 2.504 NaN
14.11 14.18 0.882 5.541 3.221 2.754 5.038
13.45 14.02 0.8604 5.516 3.065 NaN 5.097
NaN 13.82 0.8662 5.454 NaN NaN 5.056
15.49 14.94 0.8724 5.757 3.371 3.412 NaN
14.09 14.41 0.8529 5.717 3.186 NaN 5.299
13.94 14.17 0.8728 5.585 3.15 2.124 5.012
NaN 14.68 0.8779 5.712 3.328 2.129 5.36
16.12 15 0.9 5.709 3.485 2.27 5.443
NaN 15.27 0.8734 5.826 3.464 NaN 5.527
17.08 15.38 0.9079 5.832 3.683 2.956 NaN
NaN 14.52 0.8823 5.656 3.288 3.112 5.309
NaN 14.17 0.8944 5.397 3.298 6.685 5.001
13.54 13.85 0.8871 NaN NaN 2.587 5.178
13.5 13.85 NaN 5.351 NaN 2.249 5.176
13.16 13.55 0.9009 5.138 3.201 2.461 4.783
NaN 14.86 0.882 5.877 3.396 NaN 5.528
15.11 NaN 0.8986 5.579 3.462 3.128 5.18
13.8 14.04 0.8794 NaN 3.155 1.56 4.961
15.36 14.76 0.8861 5.701 NaN NaN NaN
14.99 14.56 0.8883 5.57 3.377 2.958 5.175
14.79 14.52 0.8819 5.545 3.291 2.704 5.111
14.86 14.67 0.8676 5.678 3.258 NaN 5.351
14.43 14.4 0.8751 5.585 NaN 3.975 NaN
15.78 14.91 0.8923 5.674 3.434 NaN 5.136
14.49 14.61 0.8538 NaN 3.113 4.116 5.396
14.33 14.28 0.8831 5.504 3.199 3.328 5.224
14.52 14.6 0.8557 5.741 3.113 1.481 5.487
15.03 14.77 0.8658 5.702 3.212 NaN 5.439
NaN NaN 0.8818 NaN 3.377 2.802 5.044
14.92 NaN 0.9006 NaN 3.412 1.142 NaN
NaN 14.77 0.8857 5.662 3.419 1.999 NaN
12.11 13.47 0.8392 5.159 3.032 NaN 4.519
11.42 12.86 NaN 5.008 NaN 2.7 4.607
11.23 12.63 0.884 4.902 2.879 2.269 4.703
12.36 13.19 0.8923 5.076 3.042 3.22 4.605
13.22 NaN 0.868 5.395 3.07 4.157 NaN
12.78 NaN NaN NaN 3.026 1.176 NaN
12.88 13.5 0.8879 5.139 3.119 2.352 NaN
14.34 14.37 0.8726 5.63 3.19 1.313 5.15
14.01 14.29 0.8625 5.609 3.158 2.217 NaN
14.37 14.39 NaN 5.569 3.153 1.464 5.3
12.73 13.75 0.8458 5.412 2.882 3.533 5.067
NaN NaN 0.8673 6.191 3.561 4.076 6.06
16.84 15.67 0.8623 NaN 3.484 4.675 5.877
17.26 NaN 0.8763 5.978 3.594 4.539 5.791
19.11 16.26 NaN 6.154 3.93 NaN 6.079
16.82 15.51 0.8786 6.017 3.486 4.004 5.841
16.77 NaN NaN 5.927 3.438 4.92 5.795
17.32 15.91 0.8599 6.064 3.403 3.824 5.922
20.71 NaN 0.8763 NaN 3.814 NaN 6.451
18.94 16.49 NaN 6.445 3.639 5.064 6.362
17.12 NaN 0.8892 5.85 3.566 2.858 5.746
16.53 15.34 NaN 5.875 3.467 5.532 5.88
18.72 16.19 0.8977 6.006 NaN 5.324 5.879
20.2 16.89 NaN 6.285 3.864 NaN NaN
19.57 16.74 0.8779 6.384 3.772 1.472 6.273
19.51 16.71 0.878 NaN 3.801 2.962 6.185
18.27 16.09 NaN 6.173 NaN 2.443 NaN
18.88 16.26 0.8969 6.084 3.764 1.649 NaN
NaN 16.66 0.859 6.549 3.67 3.691 6.498
21.18 17.21 0.8989 6.573 4.033 5.78 6.231
NaN 17.05 0.9031 6.45 4.032 5.016 6.321
20.1 NaN 0.8746 NaN 3.785 1.955 6.449
18.76 16.2 NaN NaN 3.796 3.12 6.053
18.81 16.29 0.8906 NaN NaN 3.237 6.053
18.59 NaN 0.9066 6.037 3.86 6.001 5.877
18.36 NaN 0.8452 6.666 3.485 NaN 6.448
16.87 15.65 0.8648 6.139 3.463 NaN 5.967
19.31 16.59 NaN NaN NaN 3.477 6.238
18.98 16.57 0.8687 6.449 3.552 2.144 6.453
18.17 16.26 NaN 6.271 NaN 2.853 6.273
NaN 16.34 0.881 6.219 3.684 2.188 6.097
16.41 15.25 NaN NaN NaN 4.217 5.618
17.99 15.86 0.8992 5.89 3.694 2.068 5.837
19.46 16.5 NaN 6.113 NaN 4.308 6.009
19.18 16.63 NaN 6.369 3.681 NaN 6.229
18.95 16.42 0.8829 6.248 3.755 NaN 6.148
18.83 16.29 NaN 6.037 NaN NaN 5.879
18.85 16.17 0.9056 NaN 3.806 2.843 6.2
17.63 NaN 0.88 NaN 3.573 3.747 NaN
19.94 16.92 0.8752 6.675 NaN 3.252 6.55
18.55 16.22 NaN 6.153 3.674 NaN 5.894
18.45 NaN 0.8921 6.107 3.769 2.235 5.794
NaN 16.72 NaN 6.303 3.791 3.678 NaN
19.13 16.31 0.9035 NaN 3.902 2.109 5.924
19.14 NaN 0.8722 6.259 3.737 NaN 6.053
20.97 17.25 0.8859 6.563 NaN 4.677 6.316
19.06 16.45 NaN 6.416 3.719 NaN 6.163
18.96 16.2 NaN NaN 3.897 4.334 NaN
NaN 16.45 0.889 6.245 3.815 3.084 6.185
18.89 16.23 0.9008 NaN 3.769 3.639 5.966
20.03 NaN 0.8811 6.493 NaN NaN NaN
20.24 16.91 0.8897 6.315 3.962 5.901 6.188
18.14 16.12 0.8772 NaN 3.563 NaN 6.011
16.17 15.38 0.8588 5.762 3.387 4.286 5.703
NaN 15.97 NaN 5.98 3.771 2.984 NaN
15.99 14.89 0.9064 5.363 3.582 NaN 5.144
18.75 16.18 0.8999 6.111 NaN 4.188 5.992
18.65 16.41 0.8698 6.285 3.594 4.391 6.102
17.98 15.85 0.8993 5.979 3.687 2.257 5.919
20.16 17.03 0.8735 6.513 NaN NaN NaN
17.55 NaN 0.8991 5.791 3.69 5.366 5.661
NaN NaN NaN NaN 3.755 2.837 5.962
18.94 16.32 0.8942 NaN 3.825 2.908 5.949
15.38 14.9 0.8706 5.884 3.268 4.462 5.795
16.16 NaN 0.8644 5.845 3.395 NaN NaN
15.56 14.89 0.8823 5.776 3.408 4.972 5.847
15.38 14.66 0.899 5.477 3.465 NaN 5.439
17.36 15.76 0.8785 6.145 3.574 NaN 5.971
15.57 15.15 0.8527 5.92 3.231 2.64 5.879
15.6 15.11 0.858 5.832 3.286 NaN NaN
16.23 15.18 0.885 5.872 3.472 3.769 5.922
13.07 13.92 NaN 5.472 2.994 5.304 5.395
13.32 13.94 0.8613 5.541 3.073 7.035 5.44
13.34 13.95 0.862 5.389 3.074 NaN NaN
12.22 13.32 NaN 5.224 2.967 5.469 5.221
11.82 13.4 0.8274 5.314 2.777 NaN 5.178
11.21 13.13 0.8167 5.279 NaN NaN 5.275
11.43 13.13 0.8335 5.176 NaN 2.221 5.132
12.49 13.46 0.8658 NaN NaN 4.421 NaN
12.7 13.71 NaN 5.386 2.911 NaN 5.316
10.79 12.93 0.8107 5.317 NaN 5.462 5.194
11.83 13.23 0.8496 5.263 2.84 5.195 5.307
12.01 13.52 0.8249 5.405 2.776 6.992 NaN
12.26 13.6 0.8333 NaN 2.833 NaN 5.36
11.18 13.04 NaN 5.22 2.693 NaN 5.001
11.36 13.05 0.8382 5.175 2.755 NaN 5.263
11.19 13.05 0.8253 5.25 2.675 5.813 NaN
NaN NaN 0.8596 5.053 NaN 3.347 5.003
12.13 NaN 0.8081 5.394 2.745 NaN NaN
11.75 13.52 NaN 5.444 NaN 4.378 5.31
11.49 13.22 0.8263 5.304 2.695 5.388 5.31
12.54 13.67 NaN 5.451 2.879 3.082 5.491
12.02 NaN 0.8503 5.35 2.81 4.271 NaN
12.05 NaN 0.8416 5.267 2.847 4.988 NaN
12.55 13.57 NaN 5.333 2.968 4.419 NaN
NaN 12.79 0.8558 5.011 2.794 6.388 5.049
12.1 13.15 0.8793 5.105 2.941 2.201 NaN
12.44 13.59 NaN 5.319 2.897 4.924 5.27
NaN NaN 0.8443 5.417 NaN NaN 5.338
11.35 13.12 0.8291 NaN NaN 4.337 5.132
11.24 13 0.8359 5.09 2.715 3.521 5.088
11.02 13 0.8189 5.325 2.701 NaN 5.163
11.55 13.1 0.8455 5.167 2.845 6.715 NaN
11.27 12.97 NaN 5.088 2.763 NaN 5
11.4 NaN 0.8375 5.136 2.763 5.588 5.089
10.83 12.96 NaN 5.278 NaN 5.182 NaN
NaN 12.57 0.859 4.981 2.821 4.773 5.063
11.26 NaN 0.8355 5.186 2.71 5.335 5.092
10.74 12.73 0.8329 5.145 2.642 4.702 4.963
11.48 13.05 NaN 5.18 2.758 NaN 5.002
12.21 13.47 0.8453 5.357 2.893 1.661 NaN
NaN 12.95 0.856 5.09 2.775 4.957 4.825
12.46 13.41 0.8706 5.236 3.017 4.987 5.147
12.19 13.36 NaN 5.24 2.909 4.857 5.158
11.65 13.07 0.8575 5.108 NaN 5.209 5.135
12.89 NaN 0.8541 NaN 3.026 6.185 NaN
11.56 13.31 0.8198 5.363 2.683 NaN 5.182
11.81 NaN 0.8198 5.413 2.716 4.898 NaN
NaN 12.8 0.8372 5.088 NaN 4.179 4.956
NaN 12.82 0.8594 NaN 2.821 NaN 4.957
10.59 NaN 0.8648 4.899 2.787 4.975 4.794
10.93 12.8 0.839 5.046 2.717 5.398 NaN
11.27 12.86 0.8563 5.091 2.804 3.985 NaN
11.87 13.02 0.8795 5.132 2.953 NaN 5.132
10.82 12.83 0.8256 5.18 2.63 4.853 5.089
NaN 13.27 0.8639 5.236 2.975 4.132 5.012
NaN 13.47 NaN 5.16 3.126 NaN 4.914
12.79 NaN 0.8786 5.224 3.054 5.483 NaN
13.37 13.78 0.8849 5.32 3.128 4.67 5.091
NaN 13.67 0.8481 5.41 NaN 3.306 5.231
12.76 NaN 0.8964 5.073 3.155 2.828 4.83
12.38 13.44 0.8609 5.219 2.989 5.472 5.045
12.67 NaN 0.8977 NaN 3.135 2.3 4.745
11.18 12.72 NaN NaN 2.81 4.051 4.828
12.7 13.41 NaN 5.183 NaN 8.456 5
NaN 13.47 NaN 5.204 2.96 3.919 5.001
12.19 13.2 0.8783 5.137 NaN 3.631 4.87
11.23 12.88 NaN 5.14 2.795 NaN 5.003
13.2 NaN 0.8883 NaN 3.232 8.315 5.056
11.84 13.21 0.8521 5.175 2.836 3.598 5.044
12.3 13.34 0.8684 5.243 NaN 5.637 5.063
