15.26 NaN 0.871 NaN 3.312 NaN 5.22
14.88 14.57 0.8811 NaN 3.333 1.018 NaN
14.29 14.09 0.905 5.291 3.337 2.699 NaN
NaN 13.94 0.8955 5.324 3.379 2.259 NaN
NaN NaN 0.9034 NaN 3.562 NaN 5.175
14.38 14.21 NaN NaN NaN NaN 4.956
14.69 14.49 0.8799 5.563 NaN 3.586 5.219
NaN 14.1 0.8911 NaN NaN 2.7 5
NaN NaN NaN 6.053 3.465 2.04 NaN
16.44 NaN 0.888 NaN NaN 1.969 NaN
NaN NaN NaN 5.714 3.242 4.543 5.314
14.03 14.16 NaN NaN NaN NaN NaN
13.89 14.02 0.888 NaN 3.199 NaN 4.738
13.78 14.06 0.8759 NaN NaN 3.136 4.872
13.74 14.05 0.8744 NaN NaN NaN 4.825
14.59 NaN 0.8993 NaN 3.333 4.185 NaN
13.99 NaN 0.9183 5.119 3.383 5.234 NaN
15.69 NaN 0.9058 5.527 3.514 NaN NaN
14.7 NaN NaN NaN NaN 1.767 4.649
12.72 13.57 NaN NaN NaN 4.102 4.914
NaN NaN 0.8584 5.658 3.129 3.072 NaN
NaN 14.26 0.8722 NaN 3.168 2.688 5.219
15.88 NaN 0.8988 NaN NaN NaN NaN
12.08 NaN 0.8664 5.099 NaN 1.415 4.961
NaN 14.76 0.8657 NaN NaN NaN 5.001
16.19 NaN 0.8849 5.833 3.421 0.903 5.307
13.02 13.76 0.8641 NaN 3.026 3.373 4.825
NaN NaN NaN 5.395 2.956 2.504 NaN
NaN NaN NaN NaN 3.221 2.754 5.038
13.45 NaN 0.8604 5.516 3.065 3.531 5.097
NaN 13.82 0.8662 NaN NaN 0.8551 5.056
NaN NaN NaN NaN 3.371 3.412 NaN
NaN 14.41 NaN 5.717 NaN 3.92 NaN
13.94 14.17 0.8728 5.585 NaN 2.124 5.012
15.05 14.68 NaN 5.712 3.328 2.129 NaN
NaN 15 0.9 5.709 3.485 NaN 5.443
16.2 15.27 NaN NaN NaN 2.823 5.527
NaN NaN NaN 5.832 NaN NaN 5.484
14.8 14.52 0.8823 NaN 3.288 3.112 5.309
NaN NaN 0.8944 NaN 3.298 6.685 5.001
NaN 13.85 0.8871 NaN 3.156 2.587 5.178
NaN 13.85 0.8852 NaN NaN 2.249 NaN
NaN NaN NaN NaN 3.201 NaN NaN
15.5 14.86 0.882 5.877 3.396 4.711 5.528
15.11 NaN NaN 5.579 NaN NaN 5.18
13.8 14.04 0.8794 5.376 NaN 1.56 NaN
15.36 14.76 0.8861 5.701 3.393 NaN 5.132
14.99 NaN NaN NaN NaN 2.958 NaN
NaN NaN 0.8819 NaN 3.291 2.704 5.111
NaN 14.67 0.8676 5.678 NaN NaN 5.351
14.43 NaN NaN 5.585 3.272 3.975 5.144
NaN 14.91 NaN NaN 3.434 5.593 5.136
NaN 14.61 0.8538 5.715 NaN 4.116 NaN
14.33 14.28 NaN NaN 3.199 NaN 5.224
14.52 14.6 0.8557 NaN NaN 1.481 NaN
15.03 14.77 0.8658 5.702 3.212 1.933 5.439
NaN 14.35 0.8818 5.388 NaN NaN 5.044
NaN NaN 0.9006 5.384 NaN NaN 5.088
NaN 14.77 0.8857 5.662 3.419 NaN 5.222
12.11 13.47 0.8392 5.159 3.032 1.502 NaN
NaN 12.86 0.8683 NaN 2.85 2.7 NaN
NaN 12.63 NaN 4.902 NaN 2.269 4.703
12.36 13.19 0.8923 NaN NaN 3.22 NaN
13.22 NaN NaN 5.395 3.07 4.157 NaN
NaN 13.57 0.8716 5.262 NaN 1.176 4.782
12.88 NaN 0.8879 NaN 3.119 2.352 4.607
NaN 14.37 NaN 5.63 3.19 NaN NaN
NaN NaN 0.8625 5.609 3.158 2.217 5.132
14.37 14.39 0.8726 NaN 3.153 1.464 5.3
12.73 NaN 0.8458 NaN NaN 3.533 5.067
NaN 15.98 0.8673 6.191 3.561 4.076 6.06
16.84 15.67 NaN NaN NaN NaN NaN
17.26 15.73 0.8763 5.978 3.594 4.539 NaN
19.11 16.26 NaN 6.154 NaN NaN NaN
16.82 15.51 0.8786 NaN 3.486 NaN NaN
16.77 NaN 0.8638 5.927 NaN 4.92 5.795
17.32 NaN 0.8599 6.064 3.403 3.824 NaN
20.71 17.23 0.8763 NaN 3.814 4.451 6.451
18.94 16.49 0.875 6.445 3.639 NaN 6.362
NaN 15.55 NaN NaN 3.566 NaN 5.746
16.53 NaN NaN NaN NaN 5.532 NaN
18.72 NaN NaN NaN NaN 5.324 5.879
NaN 16.89 0.8894 6.285 3.864 NaN 6.187
19.57 16.74 0.8779 NaN NaN NaN 6.273
19.51 NaN 0.878 6.366 3.801 NaN NaN
NaN 16.09 NaN 6.173 3.651 NaN NaN
NaN 16.26 NaN NaN 3.764 NaN 6.109
18.98 16.66 0.859 NaN 3.67 NaN 6.498
NaN 17.21 0.8989 NaN NaN NaN NaN
20.88 NaN 0.9031 NaN NaN 5.016 6.321
20.1 16.99 0.8746 6.581 3.785 1.955 NaN
18.76 16.2 0.8984 6.172 NaN 3.12 6.053
NaN NaN NaN NaN 3.693 NaN NaN
18.59 16.05 NaN 6.037 3.86 6.001 5.877
18.36 16.52 NaN 6.666 3.485 4.933 NaN
16.87 15.65 NaN 6.139 3.463 3.696 NaN
19.31 NaN 0.8815 NaN NaN NaN 6.238
18.98 NaN NaN NaN 3.552 2.144 NaN
NaN 16.26 NaN 6.271 3.512 2.853 6.273
18.72 16.34 NaN NaN 3.684 2.188 NaN
NaN 15.25 NaN 5.718 NaN 4.217 NaN
17.99 15.86 0.8992 5.89 NaN 2.068 5.837
19.46 16.5 0.8985 6.113 3.892 NaN NaN
NaN 16.63 0.8717 6.369 NaN NaN NaN
18.95 NaN NaN NaN 3.755 3.368 NaN
NaN 16.29 0.8917 NaN NaN NaN NaN
18.85 16.17 NaN 6.152 3.806 2.843 6.2
NaN NaN 0.88 6.033 NaN 3.747 5.929
19.94 16.92 0.8752 6.675 3.763 NaN 6.55
18.55 NaN 0.8865 NaN 3.674 1.738 5.894
NaN 16.12 0.8921 6.107 NaN 2.235 NaN
19.38 16.72 NaN 6.303 NaN NaN 5.965
19.13 NaN 0.9035 6.183 3.902 2.109 5.924
19.14 16.61 NaN 6.259 3.737 NaN 6.053
NaN 17.25 0.8859 6.563 NaN 4.677 NaN
19.06 NaN 0.8854 6.416 3.719 2.248 NaN
18.96 NaN 0.9077 NaN 3.897 NaN 5.75
19.15 16.45 NaN NaN NaN NaN 6.185
18.89 NaN NaN NaN 3.769 3.639 5.966
NaN NaN NaN 6.493 3.857 3.063 NaN
20.24 16.91 NaN 6.315 NaN NaN NaN
NaN 16.12 0.8772 6.059 3.563 3.619 NaN
16.17 NaN 0.8588 5.762 NaN 4.286 5.703
NaN NaN 0.9077 NaN 3.771 2.984 5.905
15.99 NaN 0.9064 5.363 NaN 3.336 5.144
NaN NaN 0.8999 NaN NaN 4.188 NaN
18.65 NaN NaN 6.285 NaN NaN NaN
17.98 NaN 0.8993 5.979 NaN 2.257 NaN
20.16 17.03 0.8735 6.513 3.773 1.91 NaN
17.55 NaN NaN 5.791 NaN 5.366 5.661
18.3 NaN NaN 5.979 3.755 2.837 5.962
18.94 NaN 0.8942 6.144 NaN 2.908 5.949
15.38 NaN NaN 5.884 NaN 4.462 5.795
16.16 NaN NaN NaN 3.395 4.266 5.795
15.56 NaN 0.8823 5.776 3.408 4.972 5.847
15.38 14.66 0.899 5.477 NaN NaN NaN
NaN NaN 0.8785 6.145 3.574 NaN 5.971
NaN 15.15 0.8527 NaN NaN 2.64 NaN
NaN 15.11 0.858 NaN 3.286 2.725 5.752
NaN NaN 0.885 5.872 NaN NaN 5.922
13.07 NaN NaN NaN 2.994 5.304 NaN
NaN 13.94 0.8613 5.541 3.073 NaN NaN
NaN NaN 0.862 5.389 NaN NaN 5.307
12.22 13.32 NaN NaN 2.967 5.469 5.221
NaN NaN 0.8274 NaN 2.777 NaN 5.178
NaN NaN NaN 5.279 NaN NaN 5.275
NaN 13.13 0.8335 5.176 2.719 NaN NaN
NaN NaN NaN NaN 2.967 4.421 5.002
12.7 13.71 0.8491 NaN NaN 3.26 NaN
NaN NaN NaN 5.317 2.648 5.462 5.194
11.83 13.23 0.8496 5.263 NaN NaN NaN
12.01 NaN 0.8249 5.405 2.776 NaN NaN
12.26 NaN 0.8333 5.408 2.833 4.756 NaN
11.18 13.04 NaN 5.22 2.693 3.332 5.001
11.36 NaN NaN 5.175 2.755 4.048 NaN
NaN NaN 0.8253 5.25 NaN 5.813 5.219
11.34 NaN 0.8596 5.053 NaN 3.347 5.003
12.13 NaN 0.8081 NaN 2.745 NaN 5.22
11.75 NaN NaN 5.444 NaN NaN 5.31
11.49 NaN 0.8263 5.304 NaN 5.388 NaN
12.54 13.67 0.8425 NaN NaN 3.082 5.491
12.02 NaN NaN NaN 2.81 NaN NaN
NaN 13.41 NaN 5.267 NaN 4.988 5.046
12.55 13.57 0.8558 NaN 2.968 4.419 5.176
11.14 NaN 0.8558 5.011 2.794 NaN 5.049
12.1 NaN 0.8793 5.105 2.941 2.201 NaN
12.44 13.59 0.8462 5.319 NaN NaN 5.27
NaN NaN NaN 5.417 NaN 3.638 5.338
11.35 13.12 0.8291 5.176 2.668 NaN 5.132
NaN 13 NaN NaN NaN 3.521 5.088
NaN 13 0.8189 5.325 2.701 NaN 5.163
NaN NaN NaN NaN NaN NaN 4.956
11.27 12.97 0.8419 NaN NaN 4.309 NaN
NaN NaN NaN 5.136 NaN NaN 5.089
10.83 12.96 NaN NaN NaN 5.182 5.185
NaN 12.57 0.859 4.981 2.821 NaN 5.063
11.26 13.01 0.8355 5.186 2.71 5.335 5.092
10.74 NaN 0.8329 5.145 NaN NaN 4.963
11.48 13.05 NaN 5.18 2.758 5.876 5.002
12.21 13.47 0.8453 5.357 NaN 1.661 NaN
NaN NaN 0.856 5.09 2.775 4.957 4.825
12.46 13.41 0.8706 NaN NaN NaN 5.147
NaN NaN 0.8579 5.24 2.909 4.857 5.158
NaN 13.07 0.8575 NaN NaN NaN NaN
12.89 13.77 NaN NaN NaN 6.185 NaN
11.56 13.31 0.8198 5.363 2.683 NaN 5.182
11.81 NaN 0.8198 NaN NaN 4.898 NaN
NaN NaN 0.8372 5.088 NaN 4.179 4.956
NaN 12.82 0.8594 5.089 2.821 7.524 NaN
10.59 12.41 NaN NaN NaN 4.975 4.794
10.93 NaN NaN 5.046 2.717 5.398 5.045
11.27 12.86 0.8563 5.091 2.804 3.985 NaN
NaN 13.02 0.8795 5.132 2.953 3.597 5.132
10.82 12.83 NaN NaN 2.63 4.853 NaN
12.11 13.27 0.8639 NaN 2.975 4.132 5.012
NaN 13.47 0.886 5.16 3.126 4.873 4.914
NaN 13.53 0.8786 NaN NaN 5.483 NaN
13.37 NaN 0.8849 NaN 3.128 NaN 5.091
NaN 13.67 NaN 5.41 2.911 NaN 5.231
12.76 13.38 0.8964 NaN 3.155 NaN NaN
NaN NaN NaN 5.219 2.989 NaN NaN
NaN 13.32 NaN 4.984 NaN NaN 4.745
NaN 12.72 0.868 NaN 2.81 NaN NaN
NaN 13.41 NaN 5.183 NaN 8.456 NaN
12.37 13.47 NaN 5.204 2.96 NaN 5.001
12.19 13.2 0.8783 5.137 2.981 NaN 4.87
NaN 12.88 0.8511 5.14 2.795 4.325 5.003
NaN NaN 0.8883 NaN NaN 8.315 NaN
NaN 13.21 0.8521 5.175 NaN 3.598 NaN
12.3 NaN 0.8684 5.243 NaN 5.637 5.063
