1.52101 NaN 4.49 NaN 71.78 0.06 8.75 0 0
1.51761 NaN NaN 1.36 NaN NaN 7.83 0 0
1.51618 13.53 3.55 NaN NaN 0.39 7.78 0 0
1.51766 13.21 3.69 1.29 72.61 0.57 NaN NaN 0
1.51742 13.27 3.62 1.24 NaN 0.55 NaN 0 NaN
1.51596 NaN 3.61 1.62 NaN NaN 8.07 NaN 0.26
NaN 13.3 NaN 1.14 73.09 NaN NaN NaN 0
1.51756 13.15 3.61 1.05 73.24 0.57 NaN NaN 0
1.51918 NaN NaN NaN 72.08 0.56 8.3 0 NaN
NaN NaN 3.6 NaN 72.99 0.57 8.4 0 0.11
1.51571 12.72 3.46 NaN NaN 0.67 8.09 NaN 0.24
1.51763 12.8 3.66 1.27 73.01 NaN 8.56 0 0
NaN NaN 3.43 NaN 73.28 0.69 8.05 NaN 0.24
NaN 12.86 3.56 1.27 NaN 0.54 NaN 0 0.17
1.51763 12.61 3.59 1.31 NaN NaN 8.5 0 0
NaN 12.81 3.54 NaN 73.24 0.58 8.39 0 0
1.51784 NaN 3.67 1.16 73.11 0.61 NaN NaN 0
NaN 14.36 3.85 0.89 71.36 0.15 NaN NaN NaN
NaN 13.9 3.73 NaN 72.12 NaN 8.89 0 NaN
1.51735 13.02 3.54 1.69 NaN 0.54 8.44 NaN 0.07
NaN 12.82 3.55 1.49 72.75 0.54 8.52 0 0.19
1.51966 NaN 3.75 NaN NaN NaN 9 0 0
1.51736 NaN NaN 1.29 72.79 NaN NaN 0 0
1.51751 12.81 3.57 1.35 73.02 0.62 8.59 0 0
1.5172 13.38 3.5 1.15 72.85 NaN 8.43 NaN 0
NaN NaN NaN 1.21 NaN NaN 8.53 NaN NaN
1.51793 13.21 NaN 1.41 72.64 0.59 8.43 NaN 0
1.51721 12.87 3.48 1.33 73.04 NaN 8.43 NaN 0
1.51768 12.56 NaN 1.43 73.15 NaN 8.54 NaN 0
NaN 13.08 3.49 1.28 72.86 NaN NaN NaN 0
NaN 12.65 3.56 NaN 73.08 0.61 8.69 NaN 0.14
1.51747 12.84 3.5 1.14 73.27 0.56 NaN 0 0
1.51775 12.85 NaN 1.23 72.97 0.61 8.56 0.09 0.22
NaN 12.57 3.47 1.38 73.39 0.6 NaN 0 0.06
1.51783 12.69 3.54 1.34 NaN 0.57 8.75 NaN 0
1.51567 13.29 NaN NaN 72.74 0.56 8.57 NaN 0
1.51909 NaN 3.53 NaN 71.81 NaN NaN 0.11 NaN
1.51797 12.74 3.48 1.35 72.96 0.64 8.68 0 0
NaN 14.21 3.82 0.47 71.77 0.11 NaN 0 0
1.52213 NaN 3.82 0.47 71.77 0.11 NaN 0 0
1.51793 12.79 3.5 1.12 NaN 0.64 8.77 NaN 0
1.51755 12.71 3.42 1.2 73.2 0.59 8.64 NaN NaN
1.51779 13.21 3.39 1.33 72.76 0.59 NaN NaN NaN
1.5221 13.73 3.84 0.72 71.76 0.17 9.74 0 0
NaN NaN NaN 1.19 72.95 0.62 8.76 0 NaN
NaN 13.49 NaN 1.35 NaN 0.55 9 0 0
1.51869 13.19 NaN 1.18 72.72 0.57 NaN 0 0.16
1.52667 13.99 3.7 0.71 NaN 0.02 9.82 NaN 0.1
1.52223 13.21 3.77 0.79 NaN 0.13 10.02 0 0
1.51898 13.58 3.35 1.23 72.08 NaN 8.91 NaN NaN
1.5232 13.72 3.72 0.51 NaN 0.09 10.06 0 0.16
1.51926 NaN 3.33 1.28 72.36 0.6 NaN NaN NaN
1.51808 13.43 2.87 1.19 NaN 0.55 9.03 0 0
1.51837 NaN 2.84 1.28 NaN NaN 9.07 NaN NaN
1.51778 13.21 2.81 1.29 NaN 0.51 9.02 0 0.09
NaN 12.45 2.71 1.29 NaN 0.56 NaN 0 NaN
1.51215 12.99 3.47 1.12 NaN NaN NaN 0 0.31
1.51824 12.87 3.48 1.29 72.95 0.6 8.43 NaN 0
1.51754 13.48 NaN 1.17 NaN 0.59 8.03 NaN NaN
1.51754 NaN NaN 1.19 72.79 0.57 8.27 0 0.11
1.51905 NaN NaN 1.11 72.64 0.14 8.76 0 0
NaN 13.81 3.58 1.32 NaN NaN NaN 0.69 NaN
1.52172 13.51 NaN 0.88 71.79 NaN NaN 0 0.11
1.52227 14.17 3.81 0.78 71.35 0 9.69 0 0
NaN 13.48 3.74 0.9 72.01 0.18 9.61 NaN 0.07
1.52099 13.69 3.59 1.12 71.96 0.09 9.4 0 NaN
1.52152 NaN 3.65 0.87 NaN NaN 9.85 0 NaN
1.52152 NaN NaN NaN 72.32 0.19 9.85 NaN 0.17
1.52152 NaN 3.58 NaN 72.2 0.23 9.82 0 0.16
1.523 NaN 3.58 0.82 71.99 0.12 10.17 NaN 0.03
1.51574 14.86 3.67 NaN NaN NaN 7.36 0 0.12
1.51848 13.64 NaN 1.27 71.96 0.54 8.32 0 0.32
1.51593 13.09 NaN 1.52 73.1 0.67 7.83 0 NaN
NaN 13.34 3.57 NaN 72.87 0.61 NaN 0 0
1.51596 NaN 3.56 NaN 73.11 0.72 7.9 NaN 0
1.5159 13.02 3.58 NaN 73.12 NaN 7.96 0 NaN
NaN NaN 3.61 1.54 NaN 0.66 8.03 NaN NaN
1.51627 13 3.58 NaN 72.83 NaN NaN 0 0
NaN 13.92 3.52 1.25 72.88 0.37 7.94 0 0.14
NaN 12.82 3.52 NaN NaN 0.69 NaN 0 0
1.51592 12.86 3.52 NaN NaN 0.69 7.97 0 0
1.51593 13.25 NaN NaN 73.17 0.61 NaN 0 0
1.51646 13.41 3.55 1.25 72.81 NaN 8.1 0 0
1.51594 NaN 3.52 1.55 72.87 NaN 8.05 0 0.09
NaN 14.25 3.09 2.08 72.28 1.1 7.08 0 0
1.51625 NaN 3.58 1.49 NaN 0.45 8.21 0 0
1.51569 13.24 3.49 NaN 73.25 0.38 8.03 0 NaN
NaN NaN 3.49 1.52 72.65 0.67 8.08 0 NaN
1.51618 13.01 3.5 NaN NaN 0.6 8.12 NaN 0
1.5164 12.55 3.48 1.87 73.23 0.63 NaN NaN NaN
1.51841 12.93 NaN 1.11 NaN NaN 8.96 0 0.22
1.51605 12.9 NaN NaN 73.06 NaN NaN 0 0
1.51588 13.12 3.41 1.58 73.26 NaN 8.39 NaN 0.19
1.5159 13.24 3.34 NaN NaN NaN 8.22 0 0
1.51629 12.71 NaN 1.49 73.28 0.67 8.24 0 0
NaN 13.36 NaN 1.43 72.26 0.51 8.6 0 0
1.51841 13.02 3.62 1.06 72.34 0.64 9.13 0 0.15
NaN NaN 3.25 NaN 73.55 NaN 8.9 NaN 0.24
1.51689 12.67 2.88 1.71 73.21 0.73 8.54 0 NaN
1.51811 12.96 2.96 NaN 72.92 0.6 8.79 NaN 0
1.51655 NaN 2.85 1.44 NaN 0.57 8.79 0.11 0.22
1.5173 12.35 2.72 1.63 NaN 0.7 9.23 0 0
1.5182 12.62 2.76 0.83 73.81 NaN 9.42 NaN NaN
1.52725 NaN NaN NaN NaN NaN NaN 0 0
1.5241 13.83 2.9 1.17 71.15 0.08 10.79 0 NaN
1.52475 11.45 0 1.88 72.19 0.81 NaN 0 NaN
1.53125 10.73 0 NaN 69.81 0.58 NaN 3.15 0.28
1.53393 12.3 NaN 1 70.16 0.12 NaN 0 0.24
1.52222 NaN 0 NaN NaN 0.1 NaN 0 0.08
1.51818 13.72 NaN 0.56 NaN NaN NaN 0 0
1.52664 11.23 0 NaN 73.21 0 NaN 0 NaN
1.52739 NaN 0 0.75 NaN NaN NaN NaN 0
1.52777 12.64 0 NaN 72.02 NaN NaN 0 0
NaN 13.46 3.83 1.26 72.55 0.57 8.21 0 0.14
1.51847 13.1 3.97 1.19 72.44 NaN 8.43 0 NaN
1.51846 NaN 3.89 NaN NaN 0.51 NaN NaN 0
NaN 13.24 NaN 1.41 NaN 0.55 8.31 0 0.1
1.51708 13.72 3.68 1.81 NaN NaN NaN 0 NaN
NaN NaN 3.64 NaN NaN 0.65 8.03 0 0.29
NaN 13.56 3.57 1.47 NaN 0.64 7.96 NaN NaN
1.51844 13.25 NaN 1.32 72.4 0.58 8.42 0 0
1.51663 NaN 3.54 1.62 72.96 0.64 NaN 0 0.21
1.51687 NaN 3.54 1.48 NaN 0.56 8.1 0 0
1.51707 13.48 3.48 NaN NaN NaN 7.99 NaN NaN
1.52177 NaN 3.68 1.15 72.75 NaN 8.52 0 NaN
1.51872 NaN NaN 1.56 72.51 0.58 8.55 0 NaN
1.51667 12.94 3.61 NaN 72.75 0.56 NaN 0 0
1.52081 13.78 2.28 1.43 NaN 0.49 NaN 0 0.17
NaN 13.55 2.09 NaN NaN NaN 9.57 NaN NaN
NaN 13.98 NaN 1.63 NaN 0.39 10.56 0 0.18
1.52177 13.75 1.01 NaN 72.19 0.33 11.14 0 0
NaN 13.7 0 NaN NaN 0.19 NaN NaN 0.1
NaN 13.43 3.98 1.18 72.49 0.58 8.15 NaN 0
1.518 NaN 3.93 1.54 71.81 0.54 NaN 0 NaN
1.51811 NaN 3.85 1.25 NaN 0.52 NaN 0 0
NaN 13.19 3.9 NaN 72.33 NaN 8.44 NaN NaN
1.51806 13 3.8 1.08 73.07 0.56 NaN NaN 0.12
1.51711 12.89 3.62 NaN 72.96 0.61 NaN NaN 0
NaN 12.79 3.52 1.54 NaN 0.66 7.9 NaN 0
1.51674 12.87 NaN NaN 73.14 0.65 7.99 0 0
1.5169 13.33 3.54 1.61 72.54 0.68 8.11 NaN 0
1.51851 13.2 NaN 1.07 72.83 0.57 8.41 NaN NaN
1.51662 12.85 NaN 1.44 73.01 0.68 8.23 NaN 0.25
1.51709 13 NaN 1.79 72.72 0.66 8.18 0 0
1.5166 12.99 3.18 1.23 72.97 0.58 NaN 0 0.24
1.51839 12.85 3.67 1.24 72.57 0.62 NaN 0 0.35
1.51769 13.65 3.66 NaN 72.77 0.11 8.6 0 0
1.5161 13.33 3.53 NaN 72.67 NaN NaN NaN 0
1.5167 13.24 3.57 1.38 72.7 NaN NaN 0 0.1
1.51643 12.16 3.52 1.35 NaN 0.57 8.53 0 0
1.51665 13.14 NaN 1.76 NaN 0.6 NaN 0 NaN
1.52127 NaN NaN NaN 71.5 NaN 9.49 0 NaN
1.51779 NaN 3.65 0.65 73 0.06 8.93 0 0
1.5161 13.42 3.4 1.22 NaN 0.59 8.32 0 NaN
NaN 12.86 NaN 1.31 72.61 0.61 8.79 0 0
NaN 13.04 3.4 NaN 73.01 NaN NaN 0 0
1.51655 13.41 NaN 1.28 72.64 0.52 NaN NaN 0
1.52121 14.03 3.76 0.58 71.79 0.11 9.65 NaN 0
1.51776 13.53 3.41 1.52 72.04 0.58 8.79 0 0
1.51796 NaN NaN 1.63 71.94 0.57 NaN NaN 0.09
1.51832 13.33 NaN 1.54 72.14 NaN NaN 0 NaN
1.51934 13.64 3.54 0.75 NaN 0.16 NaN 0.15 NaN
1.52211 14.19 3.78 NaN 71.36 0.23 9.14 0 NaN
NaN NaN 2.68 NaN 69.89 NaN NaN NaN 0
1.51915 12.73 1.85 1.86 72.69 0.6 10.09 0 0
1.52171 NaN 1.88 1.56 72.86 0.47 NaN 0 0
NaN 11.03 NaN NaN NaN 0.58 NaN 0 0
1.51969 12.64 0 NaN NaN 0.38 NaN 0 0
NaN NaN 0 1.83 73.88 0.97 NaN 0 NaN
1.51994 13.27 0 NaN 73.03 NaN 11.32 0 0
NaN 13.44 0 1.58 72.22 0.32 12.24 NaN 0
1.51316 13.02 0 3.04 70.48 NaN NaN 0 NaN
1.51321 13 0 3.02 NaN NaN 6.93 0 NaN
NaN 13.38 0 1.4 NaN NaN 12.5 0 0
1.52058 12.85 1.61 2.17 NaN 0.76 9.7 NaN 0.51
NaN NaN 0.33 NaN NaN 0.13 11.27 NaN 0.28
1.51905 14 2.39 1.56 NaN 0 9.57 NaN 0
1.51937 13.79 2.41 1.19 72.76 NaN NaN NaN 0
1.51829 14.46 2.24 1.62 NaN 0 NaN 0 0
1.51852 14.09 2.19 1.66 NaN NaN 9.32 0 0
1.51299 NaN NaN 1.54 74.55 0 7.59 NaN NaN
1.51888 14.99 0.78 1.74 72.5 0 9.95 NaN NaN
1.51916 14.15 NaN 2.09 NaN 0 10.88 0 0
1.51969 14.56 0 NaN 73.48 0 NaN NaN 0
1.51115 17.38 0 0.34 75.41 0 6.65 NaN NaN
NaN 13.69 3.2 1.81 NaN 1.76 5.43 NaN 0
NaN 14.32 NaN 2.22 NaN 1.46 5.79 1.63 0
NaN 13.44 3.34 NaN NaN NaN 8.83 NaN NaN
NaN 14.86 2.2 2.06 70.26 NaN NaN 0 NaN
1.52365 15.79 1.83 1.31 70.43 0.31 NaN 1.68 0
NaN NaN 1.78 1.79 73.1 0 8.67 0.76 NaN
1.51602 14.85 NaN NaN NaN 0 8.76 0.64 0.09
1.51623 14.2 0 2.79 NaN 0.04 9.04 0.4 0.09
NaN 14.75 0 2 73.02 NaN 8.53 1.59 0.08
1.51683 14.56 0 1.98 73.29 0 NaN 1.57 0.07
1.51545 14.14 NaN 2.68 NaN 0.08 9.07 0.61 NaN
NaN 13.87 0 NaN NaN 0.14 9.41 0.81 0.01
1.51727 NaN 0 2.34 73.28 0 8.95 NaN NaN
NaN 14.38 0 NaN 73.1 0.04 9.08 0.64 NaN
1.51609 15.01 NaN 2.51 NaN 0.05 8.83 0.53 0
1.51508 NaN 0 2.25 73.5 NaN NaN NaN NaN
1.51653 11.95 NaN 1.19 NaN NaN 8.93 0 NaN
1.51514 14.85 0 2.42 73.72 NaN 8.39 0.56 NaN
1.51658 14.8 0 1.99 73.11 0 8.28 1.71 0
1.51617 NaN NaN NaN NaN 0 NaN 0.67 NaN
1.51732 14.95 NaN NaN 72.99 NaN NaN NaN 0
1.51645 14.94 NaN NaN NaN 0 8.67 1.38 0
NaN NaN 0 NaN 72.86 1.41 6.47 2.88 NaN
1.5164 14.37 0 NaN 72.85 0 NaN 0.54 0
NaN NaN NaN 2.88 72.61 0.08 9.18 NaN 0
NaN 14.92 NaN NaN 73.06 0 8.4 NaN 0
1.52065 14.36 0 NaN 73.42 0 NaN 1.64 NaN
NaN NaN NaN 1.94 NaN 0 8.48 1.57 NaN
1.51711 14.23 NaN NaN 73.36 0 8.62 1.67 0
