NaN 13.64 4.49 NaN 71.78 0.06 8.75 0 NaN
1.51761 13.89 3.6 1.36 72.73 0.48 NaN 0 0
1.51618 NaN 3.55 1.54 NaN 0.39 7.78 0 NaN
1.51766 13.21 NaN 1.29 72.61 0.57 8.22 0 0
1.51742 NaN 3.62 NaN NaN 0.55 8.07 NaN NaN
NaN 12.79 3.61 1.62 NaN 0.64 8.07 NaN 0.26
1.51743 13.3 NaN 1.14 NaN 0.58 NaN 0 NaN
NaN NaN NaN 1.05 73.24 NaN 8.24 0 NaN
1.51918 NaN 3.58 1.37 72.08 NaN 8.3 0 NaN
NaN 13 3.6 1.36 72.99 NaN 8.4 NaN NaN
1.51571 NaN NaN 1.56 NaN 0.67 8.09 NaN 0.24
NaN 12.8 3.66 NaN NaN NaN NaN NaN 0
1.51589 12.88 3.43 NaN 73.28 NaN 8.05 NaN 0.24
1.51748 12.86 3.56 1.27 NaN NaN 8.38 0 NaN
1.51763 NaN 3.59 1.31 NaN 0.58 NaN 0 0
NaN NaN 3.54 1.23 NaN NaN 8.39 NaN NaN
NaN 12.68 3.67 1.16 NaN 0.61 8.7 0 0
NaN 14.36 3.85 NaN NaN 0.15 9.15 NaN 0
1.51911 NaN 3.73 1.18 NaN NaN NaN NaN 0
1.51735 13.02 NaN NaN 72.73 0.54 NaN NaN 0.07
1.5175 NaN 3.55 NaN 72.75 NaN NaN 0 NaN
1.51966 14.77 NaN 0.29 72.02 0.03 9 0 0
NaN 12.78 NaN 1.29 72.79 NaN 8.7 0 0
1.51751 12.81 3.57 1.35 73.02 0.62 8.59 0 0
NaN NaN 3.5 1.15 72.85 0.5 8.43 0 NaN
1.51764 12.98 3.54 1.21 73 0.65 8.53 0 0
NaN NaN 3.48 1.41 72.64 NaN 8.43 NaN NaN
NaN 12.87 3.48 1.33 NaN 0.56 8.43 0 NaN
1.51768 12.56 3.52 1.43 73.15 0.57 NaN NaN NaN
1.51784 13.08 NaN 1.28 NaN NaN 8.49 0 0
1.51768 12.65 3.56 1.3 73.08 0.61 NaN 0 NaN
1.51747 12.84 3.5 NaN 73.27 0.56 8.55 0 0
1.51775 12.85 3.48 1.23 72.97 0.61 NaN NaN 0.22
NaN 12.57 3.47 1.38 73.39 0.6 NaN NaN NaN
NaN NaN 3.54 NaN 72.95 0.57 NaN 0 0
NaN 13.29 3.45 1.21 72.74 0.56 NaN 0 NaN
1.51909 13.89 NaN 1.32 71.81 0.51 8.78 NaN NaN
NaN 12.74 3.48 1.35 72.96 NaN 8.68 NaN 0
1.52213 14.21 NaN 0.47 NaN NaN 9.57 NaN 0
1.52213 NaN 3.82 0.47 71.77 NaN 9.57 NaN NaN
NaN 12.79 3.5 NaN NaN 0.64 8.77 0 0
NaN 12.71 3.42 1.2 NaN 0.59 NaN 0 NaN
1.51779 13.21 NaN 1.33 72.76 0.59 8.59 0 0
NaN NaN 3.84 NaN NaN NaN 9.74 NaN 0
1.51786 12.73 NaN 1.19 NaN 0.62 NaN NaN 0.3
1.519 13.49 3.48 1.35 71.95 NaN NaN 0 0
1.51869 13.19 NaN NaN NaN 0.57 8.83 NaN NaN
1.52667 13.99 3.7 NaN NaN 0.02 NaN NaN 0.1
NaN 13.21 3.77 0.79 71.99 0.13 NaN 0 0
1.51898 13.58 NaN NaN 72.08 NaN 8.91 0 0
NaN NaN 3.72 NaN 71.75 0.09 NaN NaN NaN
1.51926 NaN 3.33 NaN 72.36 0.6 NaN NaN NaN
NaN 13.43 NaN NaN 72.84 NaN 9.03 0 0
1.51837 13.14 NaN 1.28 72.85 0.55 9.07 0 0
1.51778 NaN NaN 1.29 72.98 0.51 NaN 0 0.09
1.51769 12.45 2.71 1.29 NaN 0.56 9.06 0 0.24
1.51215 NaN 3.47 NaN 72.98 0.62 8.35 0 0.31
NaN 12.87 3.48 1.29 72.95 0.6 8.43 0 NaN
1.51754 NaN 3.74 NaN 72.99 NaN 8.03 0 NaN
NaN 13.39 3.66 1.19 72.79 NaN 8.27 0 0.11
1.51905 13.6 NaN 1.11 72.64 0.14 NaN 0 0
1.51977 13.81 3.58 1.32 NaN 0.12 8.67 0.69 0
1.52172 13.51 3.86 0.88 NaN NaN 9.54 NaN NaN
1.52227 NaN NaN 0.78 71.35 0 NaN 0 0
NaN NaN 3.74 NaN NaN 0.18 9.61 0 0.07
1.52099 13.69 3.59 1.12 NaN 0.09 NaN 0 0
NaN 13.05 3.65 0.87 72.22 0.19 9.85 NaN 0.17
1.52152 NaN NaN 0.87 72.32 0.19 NaN 0 NaN
NaN 13.12 3.58 NaN NaN NaN NaN 0 0.16
NaN 13.31 3.58 NaN NaN 0.12 NaN 0 0.03
NaN 14.86 NaN 1.74 71.87 0.16 7.36 0 0.12
1.51848 NaN NaN NaN 71.96 0.54 NaN 0 NaN
NaN 13.09 3.59 NaN NaN 0.67 NaN 0 0
NaN NaN NaN NaN 72.87 0.61 7.89 0 0
NaN 13.02 NaN NaN 73.11 0.72 7.9 NaN 0
NaN 13.02 3.58 1.51 73.12 0.69 NaN NaN 0
NaN NaN 3.61 1.54 NaN NaN 8.03 0 0
NaN NaN 3.58 1.54 72.83 0.61 NaN 0 0
NaN 13.92 NaN 1.25 NaN 0.37 7.94 0 NaN
1.5159 NaN 3.52 NaN 72.86 NaN 7.97 0 0
NaN 12.86 3.52 NaN 72.66 0.69 7.97 NaN 0
NaN 13.25 3.45 NaN 73.17 NaN 7.86 NaN 0
NaN NaN 3.55 NaN NaN 0.68 8.1 0 0
1.51594 13.09 3.52 NaN NaN 0.68 8.05 0 0.09
NaN 14.25 NaN 2.08 72.28 1.1 7.08 NaN 0
NaN 13.36 3.58 1.49 72.72 0.45 NaN NaN 0
1.51569 13.24 3.49 1.47 NaN 0.38 NaN 0 0
1.51645 13.4 3.49 1.52 72.65 0.67 8.08 0 0.1
1.51618 NaN 3.5 NaN NaN NaN 8.12 0 0
1.5164 NaN 3.48 1.87 73.23 0.63 8.08 0 0.09
1.51841 NaN NaN 1.11 72.28 0.64 NaN NaN 0.22
NaN 12.9 NaN 1.45 73.06 NaN 8.27 0 0
1.51588 13.12 NaN 1.58 NaN NaN 8.39 NaN NaN
NaN 13.24 NaN NaN NaN 0.39 NaN NaN 0
1.51629 12.71 3.33 1.49 73.28 0.67 8.24 0 0
1.5186 13.36 3.43 1.43 72.26 0.51 NaN 0 0
1.51841 NaN NaN NaN 72.34 0.64 NaN NaN 0.15
1.51743 12.2 3.25 1.16 73.55 NaN 8.9 0 0.24
NaN 12.67 2.88 1.71 73.21 NaN 8.54 0 0
1.51811 12.96 NaN 1.43 72.92 NaN NaN NaN 0
NaN NaN NaN 1.44 73.27 0.57 8.79 0.11 NaN
1.5173 12.35 2.72 1.63 72.87 0.7 9.23 0 0
NaN NaN 2.76 0.83 73.81 0.35 9.42 NaN 0.2
NaN 13.8 3.15 0.66 70.57 NaN 11.64 0 NaN
NaN NaN 2.9 NaN NaN 0.08 NaN 0 NaN
NaN 11.45 0 NaN NaN 0.81 13.24 0 NaN
1.53125 10.73 0 NaN NaN NaN 13.3 3.15 NaN
1.53393 12.3 0 1 70.16 0.12 16.19 0 0.24
NaN 14.43 0 1 NaN NaN NaN NaN 0.08
1.51818 NaN 0 NaN 74.45 0 10.99 0 0
NaN NaN 0 0.77 73.21 NaN NaN 0 0
NaN NaN 0 NaN 73.08 NaN 14.96 0 0
1.52777 12.64 NaN 0.67 72.02 0.06 14.4 0 0
1.51892 NaN NaN 1.26 NaN 0.57 NaN NaN 0.14
NaN NaN 3.97 1.19 NaN 0.6 8.43 0 NaN
NaN 13.41 3.89 NaN 72.38 0.51 8.28 0 0
1.51829 13.24 NaN 1.41 72.33 NaN NaN NaN NaN
NaN 13.72 3.68 NaN 72.06 0.64 7.88 NaN NaN
NaN 13.3 3.64 1.53 72.53 NaN 8.03 0 NaN
NaN 13.56 NaN 1.47 72.45 0.64 7.96 0 0
1.51844 13.25 NaN 1.32 NaN 0.58 8.42 NaN 0
1.51663 12.93 3.54 1.62 72.96 NaN 8.03 0 0.21
1.51687 13.23 NaN NaN NaN NaN 8.1 0 NaN
1.51707 NaN NaN 1.71 72.52 NaN NaN 0 0
1.52177 13.2 3.68 1.15 72.75 0.54 8.52 0 NaN
1.51872 12.93 3.66 1.56 72.51 NaN 8.55 NaN 0.12
1.51667 12.94 NaN 1.26 NaN NaN 8.6 0 0
NaN NaN NaN 1.43 71.99 NaN 9.85 NaN NaN
NaN 13.55 2.09 1.67 NaN NaN 9.57 0.27 NaN
1.5202 13.98 1.35 1.63 NaN 0.39 10.56 0 0.18
1.52177 NaN 1.01 1.36 NaN 0.33 11.14 NaN 0
NaN 13.7 0 1.36 71.24 NaN 13.44 0 0.1
NaN 13.43 NaN NaN 72.49 0.58 NaN NaN NaN
1.518 NaN 3.93 1.54 NaN 0.54 8.21 0 NaN
1.51811 13.33 NaN 1.25 72.78 0.52 NaN 0 0
1.51789 13.19 3.9 1.3 NaN NaN 8.44 0 NaN
1.51806 NaN NaN 1.08 73.07 0.56 8.38 NaN 0.12
NaN NaN 3.62 1.57 NaN NaN 8.11 0 0
1.51674 12.79 3.52 1.54 73.36 0.66 7.9 0 0
1.51674 12.87 3.56 NaN NaN NaN NaN NaN NaN
1.5169 13.33 3.54 1.61 72.54 NaN NaN 0 0
1.51851 NaN NaN 1.07 NaN 0.57 NaN 0.09 0.17
NaN NaN 3.51 NaN NaN 0.68 8.23 NaN NaN
NaN 13 3.47 NaN 72.72 0.66 8.18 0 0
1.5166 12.99 NaN 1.23 72.97 0.58 NaN NaN 0.24
1.51839 NaN NaN NaN NaN 0.62 8.68 0 0.35
NaN NaN 3.66 1.11 NaN 0.11 8.6 NaN 0
1.5161 13.33 NaN 1.34 72.67 0.56 8.33 NaN 0
NaN NaN NaN 1.38 72.7 0.56 8.44 NaN 0.1
1.51643 12.16 3.52 1.35 72.89 NaN 8.53 0 0
1.51665 NaN 3.45 NaN 72.48 0.6 8.38 0 0.17
1.52127 14.32 3.9 0.83 71.5 NaN NaN 0 0
1.51779 13.64 3.65 0.65 NaN NaN 8.93 0 0
NaN 13.42 NaN 1.22 72.69 0.59 8.32 0 NaN
NaN 12.86 NaN 1.31 72.61 NaN 8.79 NaN NaN
NaN NaN NaN 1.26 NaN 0.52 NaN 0 0
1.51655 NaN 3.39 NaN NaN NaN NaN NaN 0
1.52121 14.03 NaN 0.58 71.79 0.11 NaN NaN 0
NaN 13.53 NaN 1.52 72.04 0.58 8.79 0 0
NaN 13.5 3.36 1.63 71.94 NaN 8.81 0 0.09
NaN 13.33 3.34 1.54 72.14 NaN NaN NaN 0
NaN NaN NaN 0.75 72.65 NaN NaN 0.15 0.24
1.52211 14.19 3.78 0.91 71.36 0.23 9.14 0 NaN
NaN 14.01 2.68 NaN 69.89 1.68 NaN 2.2 0
NaN NaN 1.85 1.86 NaN 0.6 NaN NaN NaN
NaN 11.56 NaN 1.56 NaN 0.47 11.41 0 NaN
1.52151 11.03 NaN 1.56 NaN 0.58 NaN 0 0
NaN 12.64 0 1.65 73.75 0.38 11.53 0 NaN
NaN 12.86 0 1.83 73.88 0.97 10.17 0 0
1.51994 13.27 0 1.76 73.03 0.47 11.32 0 NaN
1.52369 NaN NaN NaN 72.22 0.32 12.24 NaN 0
1.51316 13.02 0 NaN 70.48 NaN 6.96 0 0
1.51321 13 0 3.02 70.7 6.21 6.93 NaN 0
1.52043 NaN NaN 1.4 72.25 0.33 12.5 0 NaN
NaN 12.85 1.61 2.17 NaN 0.76 NaN 0.24 NaN
1.52119 NaN 0.33 1.51 73.39 0.13 11.27 NaN NaN
1.51905 14 NaN 1.56 NaN 0 9.57 NaN NaN
NaN NaN NaN 1.19 72.76 NaN 9.77 NaN 0
1.51829 14.46 2.24 1.62 NaN NaN 9.26 0 NaN
1.51852 14.09 NaN 1.66 72.67 0 9.32 0 0
NaN 14.4 1.74 1.54 NaN 0 NaN 0 0
1.51888 14.99 0.78 1.74 72.5 NaN 9.95 0 0
NaN 14.15 0 2.09 72.74 0 10.88 NaN NaN
1.51969 NaN NaN 0.56 NaN 0 11.22 NaN 0
NaN NaN NaN NaN 75.41 0 6.65 0 0
1.51131 13.69 3.2 1.81 72.81 NaN 5.43 NaN 0
NaN 14.32 3.26 2.22 71.25 1.46 5.79 1.63 NaN
1.52315 NaN 3.34 NaN 72.38 0.6 8.83 NaN 0
1.52247 NaN 2.2 2.06 70.26 NaN 9.76 0 NaN
NaN NaN 1.83 1.31 70.43 0.31 NaN 1.68 NaN
1.51613 13.88 1.78 1.79 73.1 0 8.67 0.76 0
1.51602 NaN 0 2.38 73.28 0 NaN NaN NaN
1.51623 14.2 0 2.79 73.46 0.04 NaN 0.4 0.09
1.51719 14.75 NaN NaN NaN 0 NaN 1.59 0.08
1.51683 NaN 0 1.98 73.29 NaN 8.52 1.57 0.07
1.51545 14.14 NaN 2.68 73.39 0.08 9.07 0.61 0.05
1.51556 13.87 NaN 2.54 73.23 0.14 9.41 0.81 NaN
NaN 14.7 NaN 2.34 73.28 0 NaN 0.66 NaN
NaN NaN NaN NaN NaN NaN 9.08 0.64 NaN
1.51609 15.01 NaN 2.51 73.05 0.05 8.83 NaN 0
1.51508 15.15 NaN 2.25 73.5 0 NaN 0.63 0
NaN NaN 0 1.19 75.18 NaN NaN NaN NaN
NaN NaN 0 2.42 NaN 0 8.39 NaN 0
1.51658 NaN NaN 1.99 73.11 NaN 8.28 1.71 0
NaN NaN 0 NaN NaN NaN 8.71 NaN 0
NaN NaN 0 1.8 72.99 0 NaN NaN 0
1.51645 14.94 0 1.87 NaN NaN 8.67 1.38 NaN
1.51831 14.39 0 1.82 NaN NaN 6.47 2.88 NaN
1.5164 NaN 0 NaN 72.85 NaN 9.45 0.54 0
1.51623 14.14 NaN 2.88 72.61 0.08 9.18 1.06 0
NaN NaN 0 NaN 73.06 NaN 8.4 NaN 0
NaN NaN 0 2.02 73.42 NaN 8.44 1.64 0
NaN 14.38 0 NaN NaN 0 8.48 1.57 NaN
1.51711 14.23 NaN 2.08 NaN NaN 8.62 NaN NaN
