14.23 1.71 NaN 15.6 127 NaN 3.06 0.28 2.29 5.64 1.04 3.92 1065
13.2 1.78 NaN 11.2 100 2.65 NaN NaN NaN NaN 1.05 3.4 1050
NaN 2.36 2.67 18.6 NaN 2.8 3.24 NaN NaN 5.68 NaN 3.17 NaN
14.37 1.95 2.5 NaN 113 NaN 3.49 0.24 2.18 NaN NaN 3.45 NaN
13.24 NaN NaN NaN 118 NaN NaN 0.39 1.82 NaN NaN 2.93 735
14.2 1.76 2.45 NaN 112 3.27 3.39 0.34 1.97 6.75 NaN 2.85 NaN
NaN 1.87 2.45 NaN 96 NaN 2.52 NaN NaN NaN 1.02 NaN 1290
14.06 NaN 2.61 NaN NaN 2.6 2.51 0.31 1.25 5.05 NaN 3.58 NaN
14.83 1.64 NaN 14 NaN NaN 2.98 0.29 1.98 5.2 1.08 2.85 1045
13.86 NaN 2.27 16 NaN NaN 3.15 NaN 1.85 7.22 1.01 3.55 NaN
14.1 2.16 2.3 18 105 2.95 3.32 0.22 NaN 5.75 NaN 3.17 1510
14.12 NaN 2.32 NaN 95 2.2 2.43 0.26 1.57 5 1.17 2.82 1280
NaN 1.73 2.41 16 89 NaN 2.76 0.29 1.81 NaN NaN 2.9 1320
14.75 NaN 2.39 11.4 91 3.1 3.69 0.43 2.81 5.4 NaN NaN 1150
14.38 NaN 2.38 12 102 3.3 NaN 0.29 NaN 7.5 NaN 3 1547
13.63 NaN 2.7 NaN NaN 2.85 NaN 0.3 1.46 7.3 1.28 2.88 1310
NaN 1.92 2.72 NaN NaN 2.8 3.14 NaN 1.97 NaN 1.07 2.65 1280
13.83 1.57 2.62 20 NaN 2.95 NaN 0.4 1.72 NaN 1.13 NaN NaN
14.19 1.59 2.48 NaN 108 3.3 3.93 NaN 1.86 8.7 1.23 2.82 1680
13.64 3.1 2.56 NaN 116 2.7 3.03 0.17 1.66 5.1 0.96 3.36 845
NaN 1.63 NaN 16 NaN 3 NaN NaN 2.1 NaN 1.09 3.71 780
12.93 3.8 NaN 18.6 102 2.41 2.41 0.25 1.98 4.5 1.03 3.52 NaN
13.71 1.86 2.36 16.6 101 2.61 2.88 NaN 1.69 3.8 NaN NaN 1035
12.85 1.6 NaN NaN 95 2.48 2.37 NaN 1.46 3.93 NaN 3.63 NaN
NaN 1.81 NaN 20 96 2.53 NaN 0.28 1.66 NaN 1.12 NaN NaN
13.05 2.05 NaN NaN 124 NaN 2.68 0.47 1.92 3.58 NaN 3.2 830
NaN 1.77 NaN NaN 93 2.85 2.94 NaN NaN 4.8 0.92 NaN 1195
13.3 NaN NaN 17 94 2.4 2.19 0.27 1.35 NaN 1.02 2.77 NaN
NaN 1.9 NaN 19.4 NaN NaN NaN 0.37 1.76 4.5 1.25 NaN NaN
14.02 1.68 2.21 16 96 2.65 2.33 0.26 NaN 4.7 1.04 3.59 1035
13.73 NaN 2.7 22.5 NaN NaN 3.25 0.29 2.38 5.7 NaN NaN NaN
13.58 NaN NaN NaN 106 2.86 3.19 0.22 NaN NaN 1.09 2.88 1515
NaN 1.83 2.36 17.2 104 NaN 2.69 0.42 NaN NaN NaN 2.87 990
13.76 1.53 2.7 19.5 132 NaN 2.74 0.5 1.35 NaN NaN NaN 1235
13.51 NaN NaN 19 NaN NaN NaN 0.29 1.54 4.2 1.1 2.87 1095
13.48 NaN NaN NaN 100 NaN 2.98 0.26 1.86 NaN 1.04 3.47 920
13.28 NaN 2.84 15.5 110 2.6 2.68 0.34 1.36 4.6 NaN 2.78 NaN
13.05 NaN NaN 18 NaN 2.45 NaN 0.29 1.44 NaN 1.12 2.51 NaN
13.07 NaN 2.1 NaN 98 2.4 2.64 0.28 1.37 NaN 1.18 NaN 1020
NaN 3.99 2.51 NaN 128 3 3.04 0.2 2.08 NaN 0.89 NaN 760
13.56 NaN NaN 16.2 NaN 3.15 NaN 0.34 2.34 6.13 NaN NaN NaN
13.41 NaN 2.12 NaN 90 2.45 NaN 0.27 NaN 4.28 0.91 3 1035
13.88 1.89 2.59 15 101 NaN NaN NaN 1.7 5.43 0.88 NaN 1095
13.24 3.98 2.29 17.5 NaN 2.64 2.63 NaN 1.66 NaN NaN 3 NaN
NaN 1.77 2.1 17 107 NaN 3 0.28 2.03 NaN 0.88 3.35 885
NaN NaN 2.44 18.9 111 NaN 2.65 0.3 1.25 5.24 0.87 3.33 1080
14.38 3.59 2.28 16 102 3.25 NaN 0.27 NaN NaN 1.04 3.44 1065
13.9 1.68 2.12 NaN 101 3.1 NaN 0.21 NaN 6.1 0.91 3.33 985
14.1 NaN 2.4 18.8 103 2.75 2.92 0.32 2.38 NaN 1.07 NaN 1060
13.94 1.73 2.27 17.4 108 2.88 3.54 0.32 NaN 8.9 NaN 3.1 NaN
13.05 1.73 2.04 12.4 92 NaN 3.27 0.17 2.91 7.2 1.12 2.91 1150
13.83 1.65 2.6 17.2 94 2.45 NaN 0.22 2.29 NaN 1.24 3.37 1265
NaN 1.75 2.42 14 NaN 3.88 NaN 0.32 1.87 NaN NaN NaN 1190
13.77 1.9 2.68 17.1 115 3 2.79 0.39 1.68 6.3 NaN 2.93 1375
13.74 NaN 2.25 16.4 118 2.6 2.9 NaN NaN 5.85 0.92 NaN 1060
NaN NaN 2.46 20.5 116 2.96 NaN NaN NaN 6.25 0.98 NaN 1120
14.22 NaN 2.3 16.3 118 3.2 3 NaN 2.03 6.38 0.94 3.31 970
13.29 NaN 2.68 NaN 102 3 3.23 0.31 1.66 6 1.07 2.84 1270
NaN 1.43 2.5 NaN 108 3.4 3.67 0.19 NaN 6.8 0.89 2.87 1285
NaN 0.94 1.36 NaN 88 1.98 0.57 NaN 0.42 1.95 1.05 NaN 520
12.33 1.1 2.28 16 NaN 2.05 1.09 0.63 0.41 NaN 1.25 1.67 680
12.64 NaN 2.02 16.8 100 2.02 1.41 NaN 0.62 5.75 NaN 1.59 450
NaN 1.25 NaN NaN NaN 2.1 1.79 0.32 0.73 3.8 NaN NaN 630
12.37 NaN NaN 19 87 3.5 NaN 0.19 1.87 4.45 1.22 NaN 420
12.17 NaN NaN 19 104 NaN 1.75 0.45 NaN 2.95 1.45 2.23 NaN
12.37 NaN NaN 18.1 NaN 2.42 2.65 0.37 2.08 4.6 1.19 2.3 NaN
NaN 1.01 NaN 15 NaN 2.98 3.18 0.26 2.28 5.3 1.12 3.18 502
12.37 NaN 1.92 19.6 78 2.11 2 NaN 1.04 NaN 1.12 3.48 NaN
13.34 0.94 2.36 17 110 2.53 1.3 0.55 NaN 3.17 1.02 NaN NaN
NaN 1.19 1.75 16.8 151 NaN 1.28 0.14 2.5 2.85 1.28 3.07 NaN
12.29 1.61 2.21 20.4 103 1.1 1.02 0.37 NaN NaN NaN NaN 870
13.86 1.51 2.67 25 NaN 2.95 2.86 0.21 1.87 3.38 1.36 3.16 NaN
13.49 NaN 2.24 24 NaN NaN 1.84 0.27 1.03 3.74 0.98 2.78 472
NaN 1.67 2.6 30 139 NaN 2.89 0.21 NaN 3.35 1.31 NaN 985
11.96 NaN NaN 21 101 3.38 2.14 NaN 1.65 3.21 0.99 3.13 886
11.66 NaN NaN 16 97 1.61 1.57 0.34 1.15 NaN NaN NaN 428
13.03 0.9 NaN 16 NaN 1.95 2.03 NaN 1.46 4.6 NaN 2.48 392
11.84 NaN NaN 18 112 1.72 1.32 0.43 0.95 2.65 0.96 2.52 NaN
12.33 0.99 1.95 14.8 136 1.9 NaN 0.35 NaN NaN 1.06 2.31 750
NaN NaN 2.4 23 101 2.83 NaN 0.43 1.95 NaN 1.19 3.13 463
12 0.92 2 19 NaN 2.42 2.26 0.3 NaN NaN 1.38 3.12 NaN
12.72 1.81 NaN 18.8 NaN 2.2 2.53 NaN 1.77 NaN 1.16 3.14 714
12.08 NaN NaN 24 78 NaN 1.58 0.4 1.4 2.2 1.31 NaN 630
NaN NaN 2.32 22.5 NaN 1.65 1.59 NaN NaN 4.8 NaN 2.01 515
11.84 0.89 2.58 18 94 NaN NaN 0.22 2.35 3.05 0.79 3.08 520
NaN 0.98 2.24 18 99 2.2 NaN 0.3 1.46 2.62 1.23 NaN NaN
12.16 NaN 2.31 22.8 90 1.78 1.69 0.43 1.56 NaN 1.33 2.26 495
11.65 NaN 2.62 NaN 88 1.92 1.61 0.4 NaN NaN 1.36 3.21 562
NaN 2.06 NaN 21.6 84 1.95 1.69 0.48 NaN NaN 1 2.75 680
12.08 NaN 2.3 NaN 70 NaN 1.59 0.42 1.38 1.74 NaN 3.21 625
NaN 1.83 2.32 18.5 NaN 1.6 1.5 0.52 1.64 NaN NaN 2.27 NaN
12 NaN 2.42 22 NaN NaN 1.25 NaN NaN 3.6 NaN NaN 450
12.69 NaN 2.26 20.7 80 1.38 NaN NaN 1.62 3.05 0.96 2.06 495
12.29 2.83 NaN NaN 88 NaN 2.25 0.25 1.99 2.15 1.15 3.3 290
11.62 1.99 NaN 18 98 3.02 NaN 0.17 1.35 NaN NaN 2.96 345
12.47 NaN 2.2 NaN 162 NaN 2.27 0.32 3.28 2.6 1.16 2.63 937
11.81 NaN 2.74 NaN 134 NaN NaN NaN 1.56 NaN 0.95 NaN 625
NaN NaN 1.98 16 85 2.55 2.5 NaN NaN 2.9 NaN NaN 428
12.37 1.07 NaN 18.5 88 3.52 NaN 0.24 1.95 4.5 1.04 NaN 660
12.29 3.17 2.21 18 88 2.85 2.99 0.45 2.81 2.3 1.42 NaN NaN
NaN NaN 1.7 17.5 97 NaN NaN 0.26 NaN 3.3 1.27 2.96 710
12.6 NaN NaN 18.5 88 1.45 1.36 0.29 1.35 2.45 1.04 2.77 NaN
12.34 NaN 2.46 NaN 98 NaN NaN NaN 1.31 2.8 0.8 NaN NaN
NaN 1.72 1.88 NaN 86 NaN 1.64 0.37 1.42 2.06 0.94 2.44 415
12.51 NaN 1.98 NaN 85 NaN NaN 0.32 1.48 2.94 1.04 3.57 672
12.42 2.55 2.27 NaN 90 1.68 1.84 0.66 NaN 2.7 0.86 3.3 315
NaN NaN NaN 19 80 1.65 NaN 0.37 NaN 3.4 1 3.17 510
12.72 1.75 NaN NaN 84 1.38 1.76 0.48 1.63 3.3 NaN 2.42 488
NaN NaN 1.94 19 92 2.36 2.04 0.39 NaN 2.7 0.86 3.02 312
11.61 1.35 2.7 20 NaN NaN 2.92 NaN 2.49 NaN 0.96 3.26 NaN
NaN 3.74 NaN 19.5 107 3.18 NaN 0.24 NaN 2.9 NaN 2.81 NaN
12.52 NaN NaN 21 NaN 2.55 NaN 0.26 1.22 2 0.9 2.78 NaN
11.76 2.68 NaN 20 NaN 1.75 NaN NaN 1.05 3.8 NaN 2.5 607
NaN 0.74 2.5 21 88 NaN NaN 0.42 1.44 3.08 NaN 2.31 NaN
12.08 1.39 NaN NaN 84 2.56 2.29 0.43 1.04 NaN 0.93 NaN 385
11.03 NaN 2.2 21.5 85 2.46 2.17 0.52 2.01 1.9 1.71 NaN NaN
11.82 1.47 NaN NaN 86 1.98 NaN NaN 1.53 1.95 0.95 3.33 495
12.42 NaN NaN 22.5 NaN NaN NaN NaN NaN 2.06 1.06 NaN 345
12.77 3.43 1.98 NaN 80 NaN 1.25 0.43 0.83 3.4 0.7 2.12 372
12 3.43 2 19 87 2 1.64 0.37 1.87 1.28 NaN 3.05 NaN
11.45 2.4 2.42 NaN NaN NaN 2.79 NaN NaN 3.25 NaN 3.39 625
NaN 2.05 NaN NaN 119 NaN NaN 0.47 1.87 6 0.93 3.69 NaN
12.42 NaN NaN 26.5 NaN NaN NaN 0.43 1.71 2.08 0.92 3.12 365
13.05 NaN 2.13 21.5 86 2.62 2.65 0.3 2.01 NaN 0.73 3.1 380
NaN 4.31 2.39 21 82 2.86 3.03 0.21 2.91 2.8 0.75 3.64 NaN
12.07 2.16 2.17 21 85 2.6 2.65 NaN 1.35 2.76 0.86 NaN 378
12.43 1.53 NaN 21.5 86 2.74 NaN 0.39 1.77 3.94 0.69 2.84 352
NaN 2.13 2.78 NaN 92 2.13 2.24 0.58 1.76 NaN NaN 2.44 466
NaN NaN 2.3 24.5 NaN 2.22 2.45 0.4 1.9 2.12 0.89 2.78 342
12.04 4.3 NaN 22 80 2.1 NaN 0.42 1.35 NaN 0.79 2.57 NaN
12.86 NaN NaN 18 NaN 1.51 NaN 0.21 0.94 4.1 0.76 1.29 630
NaN 2.99 2.4 20 104 1.3 NaN 0.24 0.83 5.4 NaN NaN 530
12.81 NaN 2.4 24 NaN 1.15 NaN 0.27 NaN NaN NaN 1.36 NaN
12.7 NaN 2.36 NaN 106 NaN NaN 0.17 0.84 5 0.78 1.29 600
NaN 1.24 NaN NaN NaN 2 NaN 0.6 1.25 NaN 0.75 1.51 650
12.6 2.46 2.2 18.5 94 1.62 NaN 0.63 0.94 7.1 0.73 1.58 NaN
NaN 4.72 2.54 21 89 1.38 NaN 0.53 0.8 NaN 0.75 NaN 720
12.53 NaN NaN 25 96 1.79 0.6 0.63 1.1 5 0.82 1.69 515
13.49 3.59 2.19 NaN 88 1.62 0.48 0.58 0.88 5.7 0.81 NaN NaN
12.84 2.96 2.61 24 101 NaN 0.6 0.53 NaN 4.92 0.89 2.15 NaN
12.93 2.81 2.7 NaN 96 NaN 0.5 0.53 0.75 NaN 0.77 NaN NaN
13.36 2.56 2.35 20 89 1.4 0.5 NaN 0.64 NaN 0.7 2.47 780
13.52 3.17 2.72 23.5 NaN 1.55 0.52 0.5 NaN NaN 0.89 NaN 520
13.62 4.95 2.35 NaN NaN 2 0.8 0.47 1.02 4.4 0.91 2.05 550
NaN NaN 2.2 18.5 112 1.38 0.78 NaN NaN 8.21 0.65 NaN NaN
13.16 3.57 2.15 21 102 1.5 0.55 NaN 1.3 NaN 0.6 NaN 830
13.88 5.04 NaN NaN NaN 0.98 0.34 0.4 0.68 4.9 NaN 1.33 415
NaN 4.61 2.48 21.5 86 1.7 NaN NaN NaN 7.65 NaN 1.86 625
NaN 3.24 NaN 21.5 NaN NaN 0.76 0.45 1.25 8.42 0.55 NaN 650
NaN NaN NaN 21.5 113 1.41 NaN 0.34 1.14 9.4 0.57 NaN NaN
13.5 3.12 2.62 NaN 123 1.4 NaN 0.22 1.25 8.6 0.59 1.3 500
12.79 NaN 2.48 22 NaN 1.48 NaN 0.24 1.26 10.8 0.48 1.47 480
13.11 1.9 NaN 25.5 116 2.2 NaN 0.26 1.56 NaN 0.61 1.33 425
13.23 3.3 2.28 NaN 98 1.8 0.83 0.61 1.87 10.52 0.56 1.51 675
12.58 1.29 2.1 20 103 1.48 0.58 NaN NaN 7.6 0.58 1.55 NaN
13.17 5.19 2.32 22 NaN 1.74 NaN 0.61 1.55 7.9 0.6 1.48 725
13.84 4.12 2.38 19.5 NaN 1.8 NaN 0.48 NaN 9.01 NaN 1.64 480
12.45 3.03 2.64 27 NaN 1.9 0.58 NaN NaN 7.5 0.67 NaN 880
14.34 NaN 2.7 25 NaN 2.8 1.31 0.53 2.7 13 NaN 1.96 660
NaN NaN NaN 22.5 89 2.6 NaN 0.52 2.29 11.75 0.57 1.78 620
12.36 3.83 2.38 21 88 2.3 0.92 0.5 1.04 7.65 0.56 1.58 520
13.69 3.26 2.54 20 107 1.83 0.56 0.5 0.8 5.88 0.96 1.82 680
NaN 3.27 2.58 22 106 1.65 NaN 0.6 NaN 5.58 0.87 2.11 NaN
NaN 3.45 2.35 NaN 106 1.39 0.7 0.4 0.94 5.28 0.68 1.75 NaN
NaN NaN NaN 22 90 1.35 0.68 NaN 1.03 9.58 0.7 1.68 NaN
NaN NaN 2.26 22.5 88 NaN 0.47 NaN 1.15 NaN 0.78 1.75 520
NaN NaN 2.6 23 111 NaN 0.92 NaN NaN 10.68 NaN 1.56 695
NaN NaN 2.3 NaN 88 1.48 0.66 NaN NaN 10.26 NaN NaN 685
13.58 2.58 NaN NaN 105 NaN NaN 0.39 1.54 8.66 NaN NaN NaN
13.4 NaN NaN NaN 112 NaN 0.96 NaN NaN NaN 0.67 NaN NaN
12.2 NaN 2.32 19 96 1.25 0.49 0.4 NaN NaN 0.66 1.83 510
12.77 NaN 2.28 NaN NaN 1.39 0.51 0.48 0.64 9.899999 0.57 1.63 470
14.16 2.51 2.48 NaN 91 NaN 0.7 0.44 1.24 NaN 0.62 1.71 660
13.71 5.65 2.45 NaN 95 1.68 0.61 NaN 1.06 7.7 0.64 1.74 740
13.4 NaN NaN 23 102 NaN NaN 0.43 1.41 7.3 0.7 1.56 NaN
13.27 4.28 2.26 20 120 NaN 0.69 0.43 1.35 10.2 0.59 1.56 835
NaN 2.59 2.37 20 NaN 1.65 NaN NaN 1.46 9.3 0.6 1.62 NaN
NaN 4.1 2.74 NaN NaN 2.05 0.76 0.56 1.35 9.2 NaN 1.6 560
