14.23 1.71 2.43 NaN 127 2.8 3.06 0.28 NaN 5.64 1.04 NaN 1065
13.2 1.78 2.14 NaN 100 2.65 2.76 0.26 1.28 4.38 1.05 NaN 1050
13.16 2.36 NaN 18.6 101 2.8 3.24 0.3 2.81 5.68 1.03 3.17 1185
14.37 NaN 2.5 NaN 113 3.85 3.49 NaN 2.18 7.8 0.86 NaN 1480
13.24 2.59 2.87 NaN 118 2.8 2.69 0.39 1.82 NaN 1.04 2.93 NaN
NaN NaN NaN 15.2 NaN 3.27 3.39 0.34 1.97 6.75 1.05 2.85 NaN
NaN 1.87 NaN 14.6 96 2.5 2.52 0.3 1.98 NaN 1.02 3.58 1290
14.06 2.15 2.61 17.6 121 2.6 2.51 0.31 1.25 5.05 NaN 3.58 1295
14.83 1.64 2.17 14 NaN NaN 2.98 0.29 1.98 5.2 1.08 2.85 1045
13.86 1.35 2.27 16 98 2.98 3.15 NaN 1.85 7.22 1.01 3.55 1045
NaN 2.16 2.3 18 105 NaN 3.32 0.22 2.38 5.75 1.25 3.17 1510
14.12 1.48 2.32 16.8 95 2.2 2.43 0.26 1.57 NaN 1.17 2.82 NaN
13.75 1.73 NaN 16 89 2.6 2.76 0.29 1.81 5.6 1.15 NaN NaN
14.75 1.73 2.39 11.4 91 3.1 NaN 0.43 NaN 5.4 1.25 2.73 1150
14.38 1.87 2.38 12 102 3.3 NaN 0.29 NaN 7.5 1.2 3 1547
13.63 1.81 2.7 17.2 112 2.85 2.91 0.3 1.46 7.3 1.28 2.88 NaN
NaN NaN 2.72 20 120 2.8 3.14 0.33 1.97 6.2 1.07 2.65 1280
13.83 1.57 NaN 20 115 2.95 NaN 0.4 1.72 NaN 1.13 2.57 1130
14.19 1.59 2.48 16.5 108 3.3 NaN 0.32 NaN 8.7 1.23 2.82 1680
13.64 NaN 2.56 15.2 116 2.7 3.03 0.17 NaN 5.1 0.96 3.36 845
14.06 1.63 NaN NaN 126 3 3.17 0.24 2.1 5.65 1.09 3.71 780
12.93 3.8 NaN 18.6 102 2.41 NaN 0.25 1.98 4.5 NaN 3.52 770
13.71 NaN 2.36 NaN 101 2.61 2.88 0.27 1.69 3.8 1.11 NaN 1035
NaN 1.6 2.52 NaN 95 2.48 2.37 0.26 1.46 3.93 1.09 3.63 1015
13.5 1.81 2.61 20 96 2.53 2.61 NaN NaN 3.52 1.12 3.82 845
NaN 2.05 3.22 NaN 124 2.63 NaN 0.47 1.92 3.58 1.13 3.2 830
13.39 1.77 2.62 NaN 93 2.85 2.94 NaN NaN 4.8 0.92 3.22 1195
13.3 1.72 2.14 17 94 NaN 2.19 0.27 1.35 3.95 1.02 2.77 1285
13.87 1.9 2.8 19.4 NaN NaN NaN 0.37 1.76 NaN NaN NaN 915
14.02 1.68 NaN 16 96 2.65 2.33 NaN 1.98 4.7 1.04 3.59 1035
NaN 1.5 2.7 NaN 101 NaN NaN 0.29 2.38 5.7 1.19 2.71 1285
NaN 1.66 2.36 19.1 106 2.86 3.19 0.22 1.95 6.9 NaN NaN 1515
13.68 1.83 2.36 17.2 NaN 2.42 2.69 0.42 1.97 3.84 NaN 2.87 990
13.76 1.53 2.7 19.5 132 2.95 2.74 0.5 1.35 5.4 1.25 3 1235
NaN 1.8 2.65 19 110 2.35 2.53 0.29 1.54 NaN 1.1 2.87 1095
13.48 1.81 2.41 20.5 NaN NaN 2.98 0.26 NaN 5.1 NaN 3.47 920
13.28 NaN 2.84 15.5 110 2.6 2.68 0.34 1.36 4.6 1.09 2.78 880
13.05 NaN NaN 18 98 NaN 2.43 0.29 1.44 4.25 1.12 2.51 1105
13.07 NaN 2.1 15.5 98 2.4 2.64 0.28 NaN 3.7 NaN 2.69 1020
NaN 3.99 NaN 13.2 128 3 3.04 NaN 2.08 5.1 0.89 3.53 760
13.56 1.71 2.31 16.2 117 NaN NaN 0.34 NaN NaN 0.95 3.38 795
13.41 3.84 2.12 18.8 90 2.45 2.68 0.27 NaN 4.28 0.91 3 1035
NaN NaN NaN 15 101 NaN 3.56 NaN 1.7 5.43 NaN NaN 1095
13.24 NaN NaN 17.5 103 2.64 2.63 0.32 1.66 4.36 NaN 3 680
13.05 1.77 2.1 17 NaN 3 3 0.28 2.03 5.04 0.88 NaN 885
14.21 4.04 2.44 18.9 111 2.85 2.65 NaN NaN 5.24 0.87 3.33 1080
14.38 NaN 2.28 16 102 3.25 3.17 0.27 NaN NaN 1.04 3.44 NaN
13.9 1.68 2.12 16 NaN 3.1 NaN 0.21 2.14 6.1 NaN 3.33 985
14.1 2.02 2.4 18.8 103 2.75 2.92 0.32 2.38 6.2 1.07 NaN 1060
13.94 NaN 2.27 17.4 NaN 2.88 3.54 NaN 2.08 8.9 1.12 3.1 NaN
13.05 1.73 NaN 12.4 92 2.72 3.27 0.17 2.91 7.2 1.12 2.91 1150
13.83 1.65 NaN 17.2 94 2.45 NaN 0.22 2.29 5.6 1.24 3.37 1265
13.82 1.75 2.42 NaN 111 3.88 3.74 0.32 1.87 7.05 1.01 NaN 1190
NaN 1.9 2.68 17.1 115 NaN 2.79 0.39 1.68 6.3 1.13 2.93 1375
13.74 1.67 NaN 16.4 NaN 2.6 2.9 0.21 1.62 NaN NaN 3.2 NaN
13.56 1.73 2.46 20.5 NaN NaN 2.78 NaN 2.45 6.25 NaN NaN 1120
14.22 1.7 2.3 NaN NaN 3.2 3 NaN NaN 6.38 0.94 3.31 970
NaN 1.97 2.68 16.8 102 3 3.23 NaN 1.66 6 1.07 2.84 1270
13.72 1.43 2.5 NaN 108 3.4 3.67 0.19 NaN 6.8 NaN 2.87 1285
12.37 NaN 1.36 10.6 88 1.98 0.57 0.28 0.42 1.95 1.05 1.82 520
12.33 1.1 2.28 NaN 101 2.05 1.09 0.63 NaN 3.27 1.25 1.67 680
NaN 1.36 2.02 16.8 100 2.02 1.41 0.53 0.62 5.75 0.98 1.59 NaN
13.67 1.25 NaN 18 94 2.1 1.79 0.32 0.73 3.8 NaN NaN 630
12.37 1.13 2.16 19 87 3.5 3.1 NaN 1.87 4.45 1.22 2.87 420
NaN NaN 2.53 19 104 1.89 NaN NaN 1.03 2.95 1.45 2.23 355
12.37 1.21 2.56 NaN NaN NaN 2.65 0.37 2.08 NaN 1.19 NaN 678
13.11 1.01 NaN NaN 78 2.98 3.18 0.26 2.28 NaN 1.12 3.18 502
12.37 1.17 1.92 19.6 78 2.11 2 0.27 1.04 4.68 1.12 3.48 510
NaN 0.94 NaN 17 110 2.53 1.3 0.55 0.42 NaN 1.02 1.93 750
12.21 1.19 1.75 NaN 151 1.85 1.28 0.14 2.5 2.85 NaN 3.07 NaN
12.29 1.61 2.21 20.4 103 1.1 1.02 NaN 1.46 3.05 NaN 1.82 870
13.86 NaN NaN NaN NaN 2.95 2.86 0.21 1.87 3.38 1.36 3.16 NaN
NaN 1.66 2.24 24 NaN NaN NaN 0.27 1.03 3.74 NaN NaN 472
12.99 1.67 2.6 30 139 NaN 2.89 0.21 1.96 3.35 1.31 3.5 985
11.96 1.09 2.3 21 101 3.38 NaN NaN 1.65 NaN 0.99 3.13 NaN
11.66 1.88 1.92 NaN 97 NaN 1.57 0.34 1.15 3.8 1.23 NaN 428
13.03 0.9 1.71 16 86 1.95 NaN 0.24 1.46 4.6 1.19 2.48 392
11.84 2.89 2.23 18 112 1.72 NaN NaN 0.95 2.65 0.96 2.52 500
12.33 0.99 1.95 14.8 136 1.9 1.85 0.35 2.76 NaN 1.06 2.31 750
NaN NaN 2.4 23 101 2.83 2.55 0.43 1.95 2.57 1.19 3.13 463
12 0.92 2 19 86 2.42 2.26 0.3 1.43 2.5 1.38 3.12 278
12.72 1.81 2.2 18.8 NaN NaN NaN 0.26 1.77 NaN 1.16 3.14 714
NaN 1.13 2.51 24 78 2 1.58 NaN 1.4 2.2 1.31 2.72 630
13.05 NaN 2.32 22.5 85 1.65 1.59 0.61 NaN 4.8 0.84 NaN NaN
11.84 0.89 NaN 18 94 2.2 2.21 0.22 NaN 3.05 0.79 NaN 520
12.67 0.98 2.24 18 99 2.2 1.94 0.3 1.46 2.62 NaN 3.16 450
12.16 1.61 NaN 22.8 90 1.78 1.69 0.43 1.56 2.45 1.33 2.26 495
11.65 1.67 2.62 26 88 1.92 1.61 0.4 1.34 2.6 1.36 NaN 562
11.64 2.06 2.46 21.6 84 1.95 NaN NaN NaN NaN 1 2.75 680
12.08 1.33 2.3 23.6 70 2.2 1.59 0.42 1.38 1.74 NaN 3.21 NaN
NaN 1.83 NaN NaN NaN 1.6 1.5 0.52 1.64 2.4 1.08 2.27 480
12 1.51 2.42 22 86 1.45 NaN 0.5 1.63 3.6 NaN 2.65 450
12.69 1.53 2.26 20.7 80 1.38 1.46 0.58 1.62 3.05 0.96 2.06 495
12.29 2.83 2.22 18 NaN 2.45 2.25 0.25 1.99 NaN 1.15 3.3 NaN
11.62 1.99 2.28 18 98 3.02 2.26 0.17 NaN 3.25 1.16 2.96 345
12.47 1.52 2.2 NaN 162 2.5 2.27 0.32 3.28 2.6 1.16 2.63 937
11.81 NaN 2.74 NaN 134 1.6 0.99 0.14 1.56 NaN NaN 2.26 NaN
12.29 NaN 1.98 16 85 2.55 2.5 NaN 1.77 NaN 1.23 2.74 NaN
12.37 1.07 2.1 18.5 NaN 3.52 NaN 0.24 NaN 4.5 1.04 2.77 660
NaN 3.17 NaN 18 88 2.85 2.99 0.45 2.81 2.3 1.42 2.83 406
12.08 2.08 1.7 NaN 97 2.23 2.17 0.26 1.4 3.3 1.27 NaN 710
12.6 1.34 1.9 18.5 NaN NaN 1.36 0.29 NaN 2.45 1.04 2.77 562
12.34 2.45 2.46 21 98 2.56 2.11 0.34 1.31 2.8 0.8 3.38 438
11.82 1.72 1.88 NaN 86 2.5 1.64 0.37 NaN 2.06 0.94 2.44 415
12.51 1.73 1.98 20.5 85 2.2 1.92 0.32 NaN 2.94 1.04 3.57 672
12.42 NaN 2.27 22 NaN 1.68 1.84 0.66 1.42 2.7 0.86 3.3 315
12.25 1.73 2.12 19 NaN 1.65 2.03 0.37 1.63 NaN 1 3.17 510
12.72 1.75 2.28 22.5 84 1.38 1.76 0.48 1.63 3.3 0.88 2.42 488
12.22 1.29 1.94 19 92 2.36 2.04 0.39 2.08 2.7 NaN 3.02 312
11.61 1.35 2.7 20 94 2.74 2.92 0.29 NaN 2.65 0.96 3.26 NaN
NaN 3.74 1.82 NaN NaN 3.18 2.58 0.24 3.58 2.9 0.75 NaN 562
NaN 2.43 2.17 21 88 NaN 2.27 0.26 1.22 2 NaN NaN 325
11.76 2.68 2.92 20 103 1.75 2.03 0.6 1.05 3.8 1.23 2.5 607
11.41 0.74 2.5 21 88 2.48 NaN 0.42 NaN 3.08 1.1 2.31 434
NaN 1.39 2.5 22.5 84 2.56 2.29 NaN NaN 2.9 0.93 NaN NaN
11.03 1.51 NaN 21.5 85 2.46 2.17 0.52 NaN 1.9 1.71 2.87 407
11.82 1.47 1.99 NaN 86 1.98 1.6 0.3 1.53 1.95 0.95 3.33 495
NaN 1.61 2.19 22.5 108 NaN NaN 0.34 1.61 NaN NaN 2.96 345
NaN 3.43 1.98 16 80 1.63 NaN 0.43 NaN 3.4 0.7 2.12 372
12 NaN 2 NaN 87 2 1.64 0.37 NaN 1.28 NaN 3.05 564
11.45 2.4 NaN 20 96 NaN 2.79 0.32 1.83 3.25 0.8 NaN NaN
NaN 2.05 3.23 NaN 119 3.18 5.08 0.47 1.87 NaN 0.93 3.69 NaN
12.42 4.43 2.73 26.5 102 2.2 2.13 0.43 1.71 2.08 0.92 3.12 NaN
13.05 5.8 2.13 21.5 NaN NaN NaN 0.3 2.01 2.6 0.73 NaN 380
11.87 4.31 2.39 21 82 2.86 3.03 0.21 2.91 2.8 0.75 3.64 NaN
12.07 NaN 2.17 NaN 85 2.6 2.65 0.37 1.35 2.76 0.86 NaN 378
12.43 1.53 2.29 21.5 NaN NaN 3.15 0.39 NaN 3.94 0.69 2.84 352
11.79 NaN NaN NaN 92 2.13 2.24 0.58 1.76 3 0.97 2.44 466
12.37 NaN 2.3 24.5 88 NaN 2.45 0.4 NaN NaN 0.89 NaN 342
12.04 4.3 2.38 22 80 2.1 NaN 0.42 1.35 2.6 0.79 2.57 NaN
12.86 1.35 2.32 18 122 1.51 1.25 0.21 0.94 NaN 0.76 NaN 630
12.88 2.99 NaN 20 104 1.3 NaN 0.24 NaN 5.4 0.74 NaN 530
12.81 2.31 NaN 24 98 1.15 1.09 0.27 0.83 5.7 0.66 1.36 560
NaN 3.55 2.36 21.5 106 1.7 1.2 0.17 0.84 5 NaN 1.29 NaN
NaN 1.24 2.25 17.5 85 2 0.58 0.6 1.25 5.45 NaN 1.51 NaN
12.6 2.46 2.2 18.5 94 1.62 0.66 0.63 0.94 7.1 0.73 1.58 695
12.25 4.72 2.54 21 89 NaN 0.47 0.53 0.8 3.85 0.75 1.27 NaN
12.53 5.51 2.64 25 96 1.79 0.6 NaN 1.1 NaN 0.82 1.69 NaN
13.49 3.59 2.19 NaN 88 1.62 0.48 NaN 0.88 5.7 0.81 1.82 580
12.84 2.96 2.61 24 101 2.32 0.6 0.53 0.81 NaN 0.89 NaN 590
NaN 2.81 2.7 21 NaN 1.54 0.5 0.53 0.75 4.6 0.77 2.31 600
13.36 2.56 2.35 NaN 89 1.4 0.5 0.37 0.64 NaN 0.7 NaN 780
NaN 3.17 2.72 23.5 97 1.55 0.52 NaN 0.55 4.35 0.89 2.06 NaN
13.62 4.95 2.35 20 92 2 0.8 NaN 1.02 4.4 NaN 2.05 550
12.25 3.88 2.2 18.5 NaN 1.38 0.78 0.29 1.14 NaN 0.65 2 855
13.16 3.57 2.15 21 102 1.5 0.55 0.43 NaN 4 0.6 1.68 830
13.88 5.04 2.23 20 NaN NaN 0.34 0.4 0.68 4.9 NaN 1.33 NaN
12.87 NaN 2.48 21.5 NaN NaN 0.65 0.47 0.86 7.65 NaN 1.86 625
13.32 3.24 NaN 21.5 92 NaN 0.76 0.45 1.25 8.42 0.55 1.62 650
13.08 3.9 2.36 21.5 NaN 1.41 NaN 0.34 NaN 9.4 0.57 1.33 NaN
13.5 NaN 2.62 24 NaN 1.4 1.57 0.22 NaN 8.6 0.59 1.3 500
12.79 2.67 2.48 22 112 1.48 1.36 0.24 1.26 10.8 0.48 1.47 480
13.11 1.9 2.75 25.5 116 2.2 NaN 0.26 1.56 7.1 0.61 1.33 425
13.23 3.3 NaN 18.5 98 1.8 0.83 0.61 NaN 10.52 0.56 1.51 675
12.58 1.29 2.1 NaN 103 1.48 0.58 0.53 NaN 7.6 NaN 1.55 640
13.17 5.19 2.32 22 93 NaN 0.63 0.61 NaN NaN 0.6 NaN NaN
13.84 4.12 NaN NaN 89 NaN 0.83 0.48 1.56 NaN 0.57 1.64 NaN
12.45 3.03 2.64 27 97 1.9 NaN 0.63 1.14 7.5 0.67 1.73 880
14.34 1.68 2.7 25 NaN NaN 1.31 0.53 2.7 NaN 0.57 NaN NaN
NaN 1.67 2.64 22.5 89 2.6 1.1 0.52 2.29 11.75 NaN NaN 620
12.36 3.83 NaN NaN 88 2.3 0.92 0.5 1.04 7.65 NaN 1.58 520
NaN 3.26 2.54 20 107 NaN 0.56 0.5 NaN 5.88 0.96 1.82 680
NaN 3.27 2.58 22 106 NaN 0.6 0.6 0.96 5.58 NaN 2.11 570
12.96 3.45 2.35 18.5 106 1.39 NaN 0.4 0.94 5.28 0.68 NaN 675
13.78 NaN 2.3 22 90 1.35 0.68 0.41 NaN 9.58 NaN NaN 615
NaN NaN 2.26 22.5 88 1.28 0.47 NaN 1.15 6.62 NaN 1.75 520
13.45 3.7 NaN NaN 111 1.7 0.92 0.43 1.46 10.68 0.85 1.56 695
12.82 3.37 2.3 19.5 NaN NaN 0.66 NaN NaN NaN 0.72 1.75 685
13.58 2.58 NaN 24.5 105 1.55 NaN 0.39 1.54 8.66 0.74 1.8 750
13.4 4.6 2.86 NaN 112 1.98 NaN 0.27 NaN 8.5 0.67 1.92 630
12.2 3.03 2.32 19 96 1.25 0.49 0.4 0.73 5.5 0.66 1.83 510
12.77 2.39 2.28 NaN 86 1.39 0.51 0.48 NaN 9.899999 0.57 1.63 470
14.16 NaN 2.48 20 91 1.68 NaN 0.44 1.24 9.7 0.62 1.71 660
13.71 5.65 NaN 20.5 95 NaN 0.61 0.52 1.06 NaN 0.64 1.74 740
NaN 3.91 2.48 23 102 1.8 NaN 0.43 1.41 7.3 0.7 1.56 750
NaN 4.28 2.26 20 120 1.59 0.69 NaN NaN 10.2 0.59 1.56 835
NaN NaN NaN NaN NaN NaN NaN 0.53 1.46 NaN 0.6 1.62 840
14.13 4.1 2.74 24.5 NaN NaN 0.76 0.56 1.35 9.2 NaN NaN 560
