14.23 1.71 NaN 15.6 127 2.8 3.06 0.28 2.29 5.64 1.04 3.92 NaN
13.2 NaN 2.14 NaN 100 NaN 2.76 0.26 1.28 4.38 1.05 NaN NaN
13.16 2.36 NaN 18.6 101 2.8 3.24 0.3 NaN 5.68 NaN 3.17 1185
14.37 1.95 NaN 16.8 113 3.85 3.49 NaN 2.18 NaN 0.86 3.45 1480
13.24 2.59 2.87 21 NaN 2.8 2.69 0.39 1.82 4.32 1.04 2.93 735
14.2 1.76 NaN NaN 112 NaN 3.39 0.34 NaN 6.75 1.05 2.85 NaN
14.39 1.87 2.45 NaN 96 2.5 2.52 0.3 1.98 5.25 1.02 3.58 1290
14.06 2.15 2.61 17.6 NaN NaN NaN NaN NaN NaN 1.06 NaN 1295
NaN NaN NaN 14 97 2.8 2.98 NaN 1.98 5.2 1.08 2.85 1045
13.86 1.35 2.27 16 98 2.98 3.15 NaN 1.85 NaN NaN 3.55 1045
14.1 2.16 2.3 NaN NaN 2.95 3.32 0.22 2.38 5.75 1.25 3.17 1510
14.12 NaN NaN 16.8 NaN 2.2 2.43 0.26 NaN 5 1.17 2.82 1280
NaN NaN 2.41 16 NaN 2.6 NaN 0.29 NaN NaN 1.15 2.9 1320
NaN 1.73 2.39 11.4 91 NaN NaN 0.43 NaN 5.4 1.25 NaN 1150
14.38 1.87 2.38 NaN 102 3.3 NaN 0.29 NaN NaN NaN NaN NaN
NaN 1.81 2.7 17.2 112 2.85 2.91 NaN NaN 7.3 1.28 NaN NaN
NaN NaN 2.72 20 120 NaN 3.14 0.33 1.97 6.2 NaN 2.65 1280
13.83 NaN 2.62 20 115 2.95 NaN NaN 1.72 6.6 1.13 2.57 1130
14.19 1.59 2.48 16.5 108 3.3 NaN 0.32 1.86 8.7 1.23 2.82 1680
13.64 3.1 NaN 15.2 NaN 2.7 3.03 0.17 1.66 5.1 NaN 3.36 845
14.06 1.63 2.28 NaN 126 3 3.17 0.24 NaN NaN 1.09 3.71 NaN
12.93 3.8 NaN NaN 102 NaN NaN 0.25 1.98 4.5 1.03 3.52 770
13.71 1.86 2.36 16.6 101 2.61 2.88 NaN 1.69 NaN 1.11 4 1035
12.85 1.6 NaN 17.8 95 2.48 2.37 0.26 NaN 3.93 1.09 3.63 1015
13.5 1.81 2.61 20 96 2.53 2.61 0.28 NaN 3.52 1.12 3.82 NaN
NaN 2.05 3.22 25 NaN 2.63 2.68 NaN 1.92 3.58 1.13 3.2 830
13.39 1.77 2.62 NaN NaN 2.85 2.94 0.34 NaN 4.8 NaN 3.22 1195
NaN 1.72 2.14 17 94 2.4 2.19 0.27 1.35 3.95 NaN 2.77 1285
13.87 1.9 NaN NaN 107 NaN NaN 0.37 1.76 NaN 1.25 3.4 NaN
14.02 1.68 2.21 16 96 2.65 2.33 NaN NaN 4.7 1.04 NaN 1035
NaN 1.5 NaN 22.5 101 3 NaN 0.29 2.38 5.7 NaN 2.71 1285
13.58 1.66 2.36 19.1 106 NaN 3.19 NaN NaN 6.9 1.09 2.88 NaN
13.68 1.83 2.36 17.2 104 NaN 2.69 NaN NaN 3.84 NaN 2.87 990
13.76 NaN 2.7 NaN 132 2.95 NaN 0.5 1.35 5.4 1.25 NaN 1235
13.51 1.8 2.65 19 NaN 2.35 NaN 0.29 1.54 4.2 1.1 2.87 1095
NaN 1.81 2.41 20.5 100 2.7 NaN 0.26 1.86 NaN 1.04 3.47 920
13.28 1.64 NaN 15.5 110 2.6 2.68 0.34 1.36 4.6 1.09 2.78 880
13.05 1.65 2.55 18 NaN 2.45 2.43 NaN NaN 4.25 NaN 2.51 1105
13.07 1.5 2.1 15.5 NaN 2.4 NaN 0.28 1.37 3.7 1.18 NaN NaN
NaN 3.99 NaN 13.2 128 3 3.04 0.2 2.08 5.1 0.89 3.53 NaN
NaN NaN 2.31 16.2 NaN 3.15 3.29 0.34 2.34 6.13 NaN 3.38 NaN
13.41 3.84 2.12 18.8 NaN NaN 2.68 NaN 1.48 NaN 0.91 3 1035
NaN NaN 2.59 15 101 NaN 3.56 0.17 1.7 5.43 0.88 3.56 1095
13.24 3.98 2.29 17.5 NaN NaN 2.63 0.32 NaN 4.36 NaN 3 680
13.05 1.77 2.1 17 107 3 3 0.28 NaN 5.04 0.88 NaN 885
14.21 4.04 NaN 18.9 111 NaN 2.65 0.3 NaN NaN 0.87 3.33 1080
NaN NaN 2.28 16 102 3.25 3.17 0.27 2.19 4.9 1.04 3.44 NaN
NaN NaN 2.12 NaN 101 3.1 3.39 NaN 2.14 NaN NaN 3.33 985
14.1 2.02 NaN 18.8 103 NaN 2.92 0.32 2.38 6.2 1.07 2.75 1060
13.94 1.73 NaN 17.4 108 2.88 3.54 NaN 2.08 8.9 1.12 NaN 1260
NaN NaN 2.04 12.4 92 2.72 3.27 0.17 2.91 7.2 NaN 2.91 NaN
13.83 1.65 2.6 17.2 NaN 2.45 2.99 0.22 2.29 5.6 1.24 3.37 NaN
13.82 1.75 NaN 14 111 3.88 3.74 0.32 1.87 7.05 1.01 3.26 NaN
13.77 1.9 NaN 17.1 115 3 2.79 NaN 1.68 6.3 1.13 2.93 NaN
13.74 1.67 NaN 16.4 NaN 2.6 2.9 0.21 NaN NaN 0.92 NaN 1060
13.56 1.73 2.46 20.5 116 2.96 2.78 NaN 2.45 6.25 0.98 3.03 1120
NaN 1.7 2.3 NaN 118 3.2 3 0.26 2.03 6.38 0.94 3.31 NaN
13.29 1.97 NaN NaN 102 3 3.23 NaN 1.66 6 1.07 2.84 1270
13.72 1.43 2.5 16.7 108 3.4 3.67 0.19 NaN 6.8 0.89 2.87 NaN
12.37 0.94 1.36 10.6 88 1.98 0.57 0.28 NaN 1.95 1.05 1.82 520
12.33 1.1 2.28 NaN 101 2.05 1.09 NaN 0.41 3.27 1.25 1.67 680
12.64 NaN NaN 16.8 NaN 2.02 1.41 0.53 NaN 5.75 NaN 1.59 450
13.67 1.25 NaN NaN NaN 2.1 NaN 0.32 0.73 3.8 1.23 2.46 630
NaN 1.13 2.16 19 87 NaN 3.1 0.19 NaN 4.45 1.22 NaN 420
12.17 1.45 NaN 19 NaN NaN 1.75 NaN 1.03 2.95 NaN 2.23 355
12.37 1.21 2.56 18.1 98 2.42 2.65 0.37 NaN 4.6 NaN 2.3 678
13.11 1.01 NaN NaN 78 2.98 3.18 0.26 2.28 5.3 NaN 3.18 NaN
12.37 NaN 1.92 19.6 78 2.11 2 NaN 1.04 NaN 1.12 3.48 510
13.34 NaN 2.36 NaN NaN 2.53 1.3 0.55 NaN 3.17 NaN 1.93 750
12.21 1.19 1.75 16.8 151 1.85 1.28 0.14 NaN 2.85 NaN 3.07 718
12.29 1.61 2.21 20.4 103 1.1 NaN NaN 1.46 NaN 0.906 NaN 870
13.86 1.51 NaN 25 86 NaN 2.86 0.21 1.87 3.38 1.36 3.16 410
13.49 1.66 2.24 24 87 1.88 NaN NaN NaN 3.74 0.98 2.78 NaN
12.99 1.67 2.6 30 NaN NaN NaN 0.21 1.96 3.35 1.31 3.5 NaN
11.96 1.09 2.3 21 101 3.38 2.14 0.13 1.65 3.21 0.99 3.13 886
11.66 NaN 1.92 NaN 97 1.61 1.57 0.34 1.15 3.8 1.23 NaN 428
13.03 0.9 1.71 16 NaN 1.95 2.03 NaN 1.46 4.6 1.19 NaN 392
11.84 NaN NaN 18 112 1.72 1.32 NaN 0.95 2.65 0.96 2.52 NaN
NaN 0.99 1.95 14.8 136 1.9 1.85 0.35 2.76 NaN NaN 2.31 750
12.7 3.87 2.4 23 101 2.83 2.55 NaN 1.95 2.57 1.19 NaN NaN
12 0.92 2 19 NaN 2.42 NaN 0.3 1.43 2.5 NaN 3.12 278
NaN 1.81 NaN 18.8 NaN 2.2 NaN 0.26 1.77 3.9 1.16 3.14 714
12.08 1.13 2.51 24 NaN 2 1.58 NaN 1.4 2.2 NaN 2.72 630
13.05 3.86 2.32 NaN NaN 1.65 1.59 0.61 1.62 4.8 0.84 2.01 515
NaN 0.89 2.58 NaN 94 2.2 NaN 0.22 NaN 3.05 0.79 3.08 520
12.67 0.98 2.24 18 99 2.2 1.94 0.3 NaN 2.62 1.23 NaN 450
12.16 1.61 2.31 NaN NaN 1.78 1.69 NaN 1.56 NaN 1.33 2.26 495
11.65 1.67 2.62 26 88 1.92 1.61 0.4 1.34 2.6 1.36 3.21 562
11.64 NaN 2.46 NaN 84 1.95 1.69 0.48 1.35 2.8 1 NaN 680
12.08 1.33 2.3 23.6 70 2.2 NaN 0.42 1.38 1.74 1.07 3.21 625
12.08 1.83 2.32 NaN 81 NaN 1.5 0.52 NaN 2.4 NaN NaN 480
12 1.51 2.42 NaN 86 1.45 1.25 0.5 1.63 3.6 1.05 2.65 450
12.69 1.53 2.26 20.7 80 1.38 1.46 0.58 1.62 3.05 NaN 2.06 495
12.29 2.83 2.22 18 NaN 2.45 2.25 NaN NaN 2.15 1.15 NaN NaN
11.62 1.99 2.28 18 98 3.02 2.26 NaN 1.35 3.25 1.16 2.96 345
12.47 1.52 2.2 19 162 2.5 2.27 NaN NaN NaN 1.16 2.63 937
11.81 NaN 2.74 21.5 134 1.6 0.99 NaN NaN 2.5 0.95 NaN NaN
12.29 NaN 1.98 NaN 85 2.55 2.5 0.29 1.77 2.9 1.23 2.74 428
12.37 1.07 2.1 18.5 88 3.52 3.75 0.24 1.95 NaN NaN 2.77 660
12.29 3.17 NaN 18 88 2.85 2.99 0.45 NaN NaN 1.42 NaN 406
12.08 2.08 NaN NaN 97 2.23 2.17 NaN NaN 3.3 1.27 2.96 710
NaN NaN 1.9 18.5 88 NaN 1.36 0.29 NaN 2.45 NaN 2.77 562
12.34 2.45 NaN 21 98 2.56 2.11 0.34 1.31 NaN 0.8 3.38 438
11.82 1.72 1.88 NaN NaN NaN 1.64 0.37 1.42 2.06 NaN 2.44 415
12.51 1.73 1.98 20.5 85 NaN 1.92 NaN NaN NaN 1.04 3.57 NaN
12.42 2.55 2.27 NaN 90 1.68 1.84 0.66 1.42 NaN 0.86 3.3 315
12.25 1.73 2.12 19 80 1.65 2.03 NaN 1.63 3.4 1 3.17 510
12.72 1.75 2.28 22.5 NaN 1.38 1.76 NaN 1.63 3.3 NaN 2.42 NaN
12.22 1.29 1.94 19 92 2.36 2.04 NaN NaN 2.7 0.86 3.02 312
11.61 1.35 2.7 20 94 2.74 2.92 0.29 NaN NaN NaN 3.26 NaN
11.46 3.74 1.82 19.5 NaN 3.18 2.58 0.24 3.58 2.9 0.75 2.81 562
NaN 2.43 NaN 21 88 2.55 2.27 0.26 NaN 2 0.9 2.78 325
11.76 2.68 2.92 NaN 103 NaN 2.03 0.6 1.05 3.8 1.23 2.5 607
NaN 0.74 2.5 21 88 2.48 2.01 0.42 1.44 3.08 1.1 2.31 434
12.08 1.39 2.5 22.5 84 2.56 2.29 0.43 NaN NaN 0.93 3.19 385
11.03 1.51 2.2 21.5 85 NaN 2.17 NaN NaN 1.9 1.71 2.87 NaN
11.82 NaN NaN 20.8 NaN 1.98 1.6 0.3 1.53 1.95 NaN 3.33 495
12.42 1.61 2.19 22.5 108 2 NaN NaN 1.61 2.06 1.06 2.96 345
12.77 3.43 1.98 16 80 1.63 1.25 0.43 0.83 NaN NaN 2.12 372
12 3.43 2 19 87 NaN 1.64 NaN 1.87 NaN 0.93 3.05 564
11.45 2.4 2.42 NaN 96 2.9 2.79 0.32 1.83 NaN NaN NaN 625
11.56 2.05 3.23 28.5 119 3.18 5.08 0.47 1.87 6 0.93 3.69 NaN
12.42 NaN NaN NaN NaN NaN 2.13 0.43 1.71 2.08 0.92 3.12 365
13.05 5.8 2.13 NaN 86 2.62 2.65 NaN 2.01 NaN 0.73 NaN NaN
11.87 4.31 2.39 21 82 2.86 3.03 0.21 2.91 2.8 0.75 3.64 NaN
12.07 2.16 2.17 21 85 2.6 2.65 0.37 1.35 2.76 0.86 NaN NaN
12.43 1.53 2.29 NaN 86 2.74 3.15 0.39 1.77 3.94 0.69 2.84 352
NaN 2.13 2.78 28.5 NaN 2.13 2.24 NaN 1.76 3 0.97 2.44 466
12.37 1.63 2.3 NaN NaN 2.22 NaN 0.4 1.9 2.12 0.89 NaN NaN
12.04 4.3 2.38 22 NaN 2.1 1.75 NaN 1.35 NaN 0.79 NaN 580
12.86 1.35 2.32 NaN 122 1.51 NaN 0.21 NaN 4.1 0.76 NaN 630
12.88 2.99 2.4 20 104 1.3 1.22 0.24 0.83 5.4 0.74 1.42 530
12.81 NaN 2.4 24 NaN 1.15 1.09 0.27 0.83 5.7 0.66 NaN 560
12.7 NaN 2.36 21.5 106 1.7 1.2 0.17 NaN 5 0.78 1.29 600
12.51 NaN 2.25 NaN NaN NaN 0.58 NaN NaN 5.45 0.75 NaN 650
12.6 2.46 2.2 18.5 94 1.62 0.66 0.63 0.94 7.1 0.73 1.58 695
NaN 4.72 2.54 NaN NaN 1.38 0.47 NaN 0.8 3.85 0.75 1.27 NaN
12.53 5.51 NaN 25 NaN 1.79 0.6 0.63 1.1 5 0.82 1.69 NaN
13.49 3.59 NaN 19.5 88 1.62 0.48 NaN 0.88 NaN NaN 1.82 580
NaN 2.96 2.61 NaN 101 2.32 NaN NaN NaN 4.92 0.89 NaN NaN
12.93 NaN 2.7 21 96 1.54 0.5 0.53 0.75 NaN NaN 2.31 600
13.36 2.56 2.35 20 NaN 1.4 NaN 0.37 0.64 NaN 0.7 2.47 780
13.52 3.17 2.72 23.5 97 1.55 0.52 NaN 0.55 4.35 NaN 2.06 NaN
NaN NaN NaN 20 92 2 NaN 0.47 1.02 4.4 NaN NaN 550
NaN 3.88 NaN 18.5 112 NaN 0.78 NaN NaN 8.21 0.65 2 855
13.16 NaN NaN NaN 102 NaN 0.55 0.43 NaN 4 0.6 1.68 830
13.88 5.04 2.23 20 80 0.98 0.34 0.4 0.68 NaN 0.58 NaN 415
12.87 4.61 2.48 NaN 86 1.7 0.65 0.47 0.86 7.65 NaN 1.86 625
NaN NaN 2.38 21.5 92 NaN NaN NaN 1.25 8.42 NaN 1.62 650
13.08 3.9 NaN 21.5 113 NaN 1.39 NaN 1.14 9.4 0.57 1.33 550
13.5 3.12 2.62 24 123 1.4 1.57 0.22 1.25 8.6 0.59 NaN 500
NaN 2.67 NaN 22 112 NaN 1.36 NaN 1.26 10.8 0.48 1.47 480
NaN NaN 2.75 25.5 116 2.2 1.28 0.26 NaN 7.1 0.61 1.33 NaN
13.23 3.3 NaN 18.5 NaN NaN 0.83 0.61 1.87 10.52 0.56 1.51 NaN
12.58 1.29 2.1 20 103 1.48 0.58 0.53 NaN 7.6 0.58 1.55 640
NaN 5.19 2.32 22 93 NaN 0.63 0.61 1.55 NaN 0.6 NaN 725
NaN 4.12 2.38 19.5 89 1.8 0.83 0.48 1.56 NaN 0.57 NaN 480
12.45 3.03 2.64 NaN NaN 1.9 0.58 NaN 1.14 7.5 NaN 1.73 880
14.34 1.68 2.7 25 NaN 2.8 1.31 0.53 2.7 13 0.57 NaN 660
NaN 1.67 2.64 22.5 89 2.6 1.1 NaN NaN 11.75 0.57 1.78 620
12.36 NaN 2.38 21 NaN 2.3 NaN 0.5 1.04 7.65 NaN 1.58 520
NaN NaN 2.54 20 107 1.83 0.56 NaN 0.8 5.88 NaN 1.82 680
12.85 3.27 2.58 NaN 106 1.65 NaN 0.6 0.96 5.58 0.87 NaN 570
12.96 3.45 2.35 18.5 106 1.39 NaN NaN 0.94 5.28 NaN 1.75 675
13.78 NaN 2.3 22 90 NaN 0.68 NaN 1.03 NaN 0.7 1.68 615
13.73 NaN NaN 22.5 NaN 1.28 NaN 0.52 NaN 6.62 0.78 1.75 NaN
13.45 3.7 2.6 23 NaN NaN 0.92 0.43 NaN 10.68 0.85 NaN 695
12.82 NaN 2.3 19.5 88 1.48 0.66 NaN NaN 10.26 0.72 NaN 685
13.58 NaN 2.69 24.5 105 1.55 0.84 0.39 1.54 NaN 0.74 1.8 NaN
NaN 4.6 2.86 NaN NaN 1.98 0.96 0.27 1.11 8.5 0.67 NaN NaN
12.2 NaN NaN 19 96 1.25 0.49 NaN 0.73 5.5 0.66 1.83 510
12.77 2.39 2.28 19.5 NaN NaN 0.51 NaN 0.64 NaN 0.57 NaN 470
14.16 2.51 2.48 20 91 NaN 0.7 0.44 1.24 9.7 0.62 1.71 660
13.71 5.65 2.45 NaN 95 1.68 0.61 0.52 1.06 7.7 0.64 1.74 740
13.4 3.91 NaN 23 102 1.8 NaN 0.43 1.41 7.3 NaN 1.56 NaN
NaN 4.28 NaN 20 120 1.59 0.69 0.43 1.35 10.2 NaN NaN 835
13.17 2.59 NaN NaN 120 1.65 0.68 NaN 1.46 9.3 0.6 1.62 NaN
14.13 NaN 2.74 24.5 96 NaN 0.76 0.56 NaN 9.2 0.61 NaN 560
