14.23 1.71 NaN 15.6 127 2.8 3.06 0.28 2.29 5.64 1.04 3.92 1065
13.2 1.78 2.14 11.2 100 2.65 2.76 0.26 1.28 4.38 1.05 NaN 1050
13.16 2.36 2.67 NaN 101 2.8 NaN 0.3 2.81 NaN NaN 3.17 1185
14.37 1.95 2.5 16.8 113 3.85 3.49 0.24 2.18 7.8 0.86 3.45 1480
13.24 NaN 2.87 21 NaN NaN NaN 0.39 1.82 4.32 1.04 2.93 735
14.2 NaN 2.45 15.2 112 NaN NaN 0.34 1.97 6.75 1.05 2.85 NaN
14.39 1.87 NaN 14.6 96 2.5 2.52 0.3 1.98 5.25 1.02 3.58 1290
14.06 2.15 2.61 17.6 121 NaN 2.51 0.31 1.25 5.05 1.06 3.58 1295
14.83 NaN 2.17 NaN 97 2.8 2.98 0.29 1.98 NaN 1.08 2.85 NaN
13.86 1.35 NaN 16 98 2.98 3.15 0.22 1.85 7.22 1.01 3.55 1045
14.1 2.16 NaN NaN 105 2.95 3.32 0.22 2.38 5.75 1.25 3.17 1510
14.12 1.48 2.32 16.8 95 2.2 2.43 0.26 1.57 5 1.17 2.82 1280
13.75 NaN 2.41 16 89 2.6 2.76 NaN 1.81 5.6 1.15 2.9 NaN
14.75 1.73 2.39 NaN 91 3.1 3.69 0.43 2.81 5.4 1.25 2.73 1150
14.38 1.87 2.38 12 102 3.3 3.64 0.29 2.96 NaN 1.2 3 NaN
13.63 1.81 2.7 NaN 112 2.85 NaN NaN 1.46 7.3 1.28 2.88 1310
14.3 1.92 2.72 NaN 120 2.8 3.14 0.33 NaN 6.2 1.07 2.65 1280
13.83 1.57 NaN 20 115 2.95 3.4 NaN 1.72 NaN 1.13 NaN 1130
14.19 1.59 2.48 16.5 108 3.3 3.93 0.32 1.86 8.7 1.23 2.82 1680
13.64 3.1 2.56 NaN 116 2.7 3.03 0.17 NaN 5.1 0.96 3.36 845
14.06 1.63 2.28 16 126 NaN 3.17 0.24 NaN 5.65 1.09 3.71 NaN
12.93 3.8 2.65 18.6 102 2.41 2.41 NaN 1.98 4.5 1.03 3.52 NaN
13.71 1.86 2.36 16.6 101 2.61 2.88 0.27 1.69 3.8 1.11 4 1035
12.85 1.6 2.52 17.8 95 NaN NaN NaN 1.46 3.93 1.09 3.63 1015
13.5 1.81 NaN 20 96 2.53 2.61 0.28 1.66 3.52 NaN 3.82 845
13.05 NaN NaN NaN NaN 2.63 2.68 0.47 1.92 3.58 1.13 3.2 NaN
NaN 1.77 2.62 16.1 93 2.85 2.94 0.34 1.45 NaN 0.92 3.22 1195
NaN 1.72 2.14 NaN NaN 2.4 2.19 NaN 1.35 3.95 NaN 2.77 1285
13.87 NaN NaN 19.4 NaN 2.95 2.97 NaN 1.76 NaN 1.25 3.4 915
14.02 1.68 2.21 NaN NaN 2.65 2.33 0.26 1.98 4.7 1.04 NaN 1035
13.73 1.5 NaN 22.5 101 3 NaN 0.29 2.38 5.7 1.19 NaN 1285
13.58 1.66 2.36 19.1 NaN 2.86 3.19 0.22 1.95 6.9 1.09 2.88 1515
13.68 1.83 2.36 17.2 104 2.42 2.69 0.42 1.97 3.84 1.23 NaN 990
NaN 1.53 2.7 19.5 132 2.95 2.74 0.5 1.35 5.4 1.25 3 NaN
13.51 1.8 2.65 19 110 NaN 2.53 0.29 1.54 4.2 1.1 2.87 1095
13.48 1.81 2.41 20.5 100 NaN 2.98 0.26 1.86 5.1 NaN 3.47 920
13.28 1.64 2.84 15.5 110 2.6 2.68 0.34 1.36 4.6 1.09 2.78 880
13.05 1.65 2.55 18 98 2.45 2.43 0.29 1.44 4.25 1.12 2.51 1105
13.07 1.5 2.1 15.5 98 2.4 NaN NaN NaN 3.7 1.18 2.69 1020
NaN 3.99 2.51 NaN NaN 3 3.04 0.2 2.08 5.1 NaN 3.53 760
13.56 1.71 2.31 16.2 117 3.15 NaN 0.34 2.34 NaN 0.95 3.38 795
NaN 3.84 2.12 18.8 90 NaN 2.68 0.27 1.48 NaN 0.91 3 1035
13.88 1.89 2.59 15 101 3.25 3.56 NaN 1.7 5.43 0.88 NaN 1095
13.24 NaN 2.29 17.5 NaN 2.64 2.63 0.32 1.66 4.36 0.82 NaN 680
13.05 1.77 2.1 17 107 3 NaN 0.28 2.03 5.04 0.88 3.35 885
14.21 4.04 2.44 18.9 NaN 2.85 2.65 0.3 1.25 5.24 NaN 3.33 NaN
NaN 3.59 2.28 NaN 102 NaN 3.17 0.27 2.19 4.9 1.04 3.44 1065
13.9 1.68 2.12 16 101 3.1 3.39 0.21 2.14 6.1 NaN 3.33 985
14.1 2.02 2.4 NaN 103 2.75 2.92 0.32 2.38 6.2 1.07 2.75 1060
13.94 1.73 2.27 NaN 108 2.88 3.54 0.32 2.08 8.9 1.12 NaN 1260
13.05 1.73 NaN 12.4 NaN 2.72 3.27 0.17 2.91 7.2 1.12 NaN 1150
13.83 1.65 NaN 17.2 94 2.45 2.99 0.22 2.29 5.6 1.24 3.37 1265
13.82 NaN NaN 14 111 3.88 3.74 0.32 1.87 7.05 1.01 3.26 1190
13.77 1.9 2.68 NaN 115 NaN 2.79 0.39 1.68 6.3 1.13 2.93 1375
13.74 1.67 2.25 16.4 118 2.6 2.9 NaN 1.62 5.85 0.92 3.2 1060
13.56 1.73 2.46 20.5 116 NaN 2.78 0.2 2.45 6.25 0.98 NaN 1120
14.22 1.7 2.3 16.3 118 3.2 3 0.26 2.03 6.38 0.94 NaN 970
13.29 1.97 2.68 16.8 102 3 NaN NaN 1.66 6 1.07 2.84 1270
13.72 1.43 2.5 16.7 108 3.4 3.67 0.19 NaN 6.8 0.89 2.87 1285
12.37 0.94 1.36 10.6 88 1.98 0.57 0.28 0.42 1.95 1.05 1.82 520
12.33 1.1 2.28 16 101 2.05 1.09 0.63 0.41 NaN 1.25 1.67 680
12.64 1.36 2.02 16.8 100 2.02 1.41 0.53 NaN 5.75 0.98 1.59 450
13.67 1.25 NaN NaN 94 2.1 1.79 0.32 0.73 3.8 1.23 2.46 630
12.37 1.13 2.16 19 87 3.5 NaN 0.19 NaN 4.45 1.22 2.87 420
12.17 1.45 2.53 19 104 1.89 NaN NaN 1.03 2.95 1.45 2.23 355
12.37 1.21 2.56 18.1 98 2.42 NaN 0.37 2.08 4.6 1.19 2.3 678
13.11 1.01 1.7 15 78 2.98 3.18 0.26 2.28 5.3 1.12 3.18 502
12.37 NaN 1.92 19.6 78 2.11 2 0.27 1.04 4.68 1.12 3.48 510
13.34 0.94 2.36 17 NaN 2.53 1.3 NaN 0.42 3.17 NaN NaN 750
12.21 1.19 1.75 16.8 NaN 1.85 1.28 0.14 2.5 2.85 NaN 3.07 NaN
12.29 1.61 2.21 20.4 NaN 1.1 1.02 0.37 1.46 3.05 0.906 1.82 870
13.86 1.51 2.67 25 86 2.95 2.86 0.21 1.87 3.38 1.36 3.16 410
13.49 1.66 2.24 24 87 1.88 1.84 0.27 1.03 3.74 0.98 2.78 472
12.99 1.67 2.6 30 139 3.3 2.89 0.21 1.96 3.35 NaN 3.5 985
11.96 1.09 2.3 21 101 3.38 2.14 0.13 NaN 3.21 0.99 3.13 886
11.66 1.88 1.92 NaN NaN 1.61 1.57 0.34 1.15 3.8 1.23 2.14 428
13.03 0.9 1.71 NaN 86 1.95 2.03 0.24 1.46 4.6 1.19 2.48 392
11.84 2.89 2.23 18 112 1.72 1.32 0.43 0.95 NaN 0.96 2.52 500
12.33 0.99 1.95 NaN 136 1.9 NaN 0.35 2.76 3.4 1.06 NaN 750
12.7 3.87 NaN 23 101 2.83 2.55 0.43 1.95 NaN NaN 3.13 463
12 0.92 2 19 86 2.42 2.26 0.3 1.43 2.5 1.38 3.12 NaN
12.72 1.81 NaN 18.8 NaN NaN 2.53 NaN 1.77 3.9 1.16 3.14 714
12.08 1.13 2.51 24 78 2 1.58 0.4 NaN NaN 1.31 2.72 630
13.05 3.86 2.32 NaN NaN 1.65 1.59 0.61 1.62 4.8 0.84 2.01 515
11.84 0.89 2.58 18 NaN 2.2 2.21 0.22 2.35 3.05 0.79 3.08 520
12.67 0.98 2.24 NaN 99 2.2 1.94 NaN 1.46 2.62 1.23 3.16 NaN
12.16 NaN 2.31 22.8 90 1.78 1.69 0.43 NaN NaN 1.33 2.26 495
11.65 NaN 2.62 26 88 1.92 1.61 NaN 1.34 2.6 1.36 3.21 562
11.64 NaN 2.46 NaN 84 1.95 NaN 0.48 1.35 NaN 1 NaN 680
12.08 NaN 2.3 23.6 70 2.2 1.59 0.42 1.38 1.74 1.07 3.21 625
12.08 1.83 2.32 18.5 81 1.6 1.5 0.52 1.64 2.4 1.08 NaN 480
NaN 1.51 NaN 22 86 1.45 NaN 0.5 1.63 3.6 1.05 2.65 450
NaN 1.53 NaN 20.7 80 1.38 1.46 0.58 1.62 3.05 0.96 NaN 495
12.29 2.83 2.22 18 88 2.45 2.25 0.25 1.99 2.15 NaN NaN NaN
11.62 1.99 NaN 18 NaN 3.02 2.26 0.17 NaN 3.25 1.16 2.96 345
12.47 1.52 2.2 NaN 162 NaN 2.27 0.32 NaN 2.6 NaN NaN 937
11.81 2.12 2.74 21.5 134 1.6 0.99 0.14 1.56 2.5 0.95 2.26 NaN
12.29 1.41 1.98 16 NaN 2.55 2.5 0.29 1.77 2.9 1.23 2.74 428
12.37 1.07 2.1 18.5 88 3.52 NaN 0.24 1.95 4.5 1.04 NaN 660
12.29 3.17 2.21 18 88 2.85 NaN 0.45 2.81 2.3 NaN 2.83 NaN
12.08 2.08 1.7 17.5 97 2.23 2.17 0.26 1.4 3.3 1.27 2.96 710
12.6 1.34 1.9 18.5 88 1.45 1.36 0.29 1.35 2.45 NaN 2.77 562
12.34 2.45 2.46 21 98 2.56 2.11 0.34 1.31 2.8 0.8 NaN 438
11.82 1.72 NaN 19.5 86 2.5 1.64 0.37 NaN 2.06 0.94 2.44 415
12.51 NaN 1.98 20.5 NaN NaN 1.92 0.32 1.48 2.94 1.04 3.57 672
12.42 2.55 2.27 22 NaN NaN NaN 0.66 1.42 2.7 0.86 3.3 315
12.25 1.73 NaN 19 80 1.65 2.03 NaN 1.63 3.4 1 3.17 510
12.72 1.75 2.28 22.5 84 1.38 1.76 0.48 NaN NaN 0.88 NaN 488
12.22 1.29 1.94 19 92 2.36 NaN 0.39 2.08 2.7 0.86 3.02 312
11.61 1.35 2.7 20 94 NaN 2.92 0.29 2.49 2.65 0.96 3.26 680
11.46 3.74 NaN 19.5 107 3.18 2.58 NaN NaN 2.9 0.75 NaN NaN
12.52 2.43 NaN 21 88 2.55 2.27 0.26 1.22 2 0.9 2.78 NaN
11.76 2.68 2.92 NaN 103 1.75 NaN 0.6 1.05 3.8 NaN 2.5 607
11.41 NaN NaN NaN 88 2.48 2.01 NaN 1.44 3.08 1.1 2.31 434
12.08 1.39 2.5 NaN 84 NaN 2.29 0.43 1.04 2.9 0.93 NaN 385
11.03 1.51 2.2 21.5 NaN NaN 2.17 0.52 2.01 1.9 1.71 2.87 407
11.82 1.47 1.99 20.8 86 1.98 1.6 0.3 1.53 1.95 0.95 3.33 NaN
NaN 1.61 2.19 NaN NaN 2 2.09 0.34 1.61 2.06 1.06 2.96 345
12.77 3.43 1.98 16 80 1.63 1.25 0.43 0.83 3.4 0.7 2.12 NaN
12 NaN 2 19 87 2 1.64 0.37 1.87 1.28 NaN 3.05 564
11.45 2.4 2.42 20 NaN 2.9 NaN 0.32 1.83 3.25 0.8 3.39 625
11.56 2.05 NaN 28.5 119 NaN 5.08 0.47 1.87 6 0.93 3.69 465
12.42 4.43 2.73 NaN 102 2.2 2.13 0.43 1.71 NaN 0.92 NaN 365
13.05 5.8 2.13 21.5 86 2.62 2.65 NaN NaN 2.6 0.73 3.1 380
11.87 4.31 NaN 21 82 2.86 3.03 0.21 2.91 2.8 0.75 3.64 380
NaN 2.16 2.17 21 85 2.6 NaN 0.37 1.35 NaN NaN 3.28 378
12.43 NaN 2.29 21.5 86 2.74 3.15 0.39 1.77 3.94 0.69 2.84 352
11.79 2.13 2.78 28.5 92 2.13 NaN 0.58 1.76 3 0.97 2.44 466
12.37 1.63 NaN 24.5 88 2.22 2.45 0.4 1.9 2.12 0.89 NaN 342
NaN 4.3 2.38 22 NaN 2.1 1.75 0.42 NaN 2.6 0.79 2.57 580
12.86 1.35 2.32 18 122 1.51 1.25 0.21 0.94 NaN 0.76 1.29 630
12.88 2.99 2.4 20 104 1.3 1.22 0.24 0.83 NaN 0.74 1.42 530
12.81 NaN 2.4 24 98 NaN NaN 0.27 0.83 5.7 0.66 1.36 560
12.7 3.55 NaN 21.5 106 1.7 1.2 0.17 0.84 5 0.78 1.29 600
12.51 1.24 NaN NaN 85 2 0.58 0.6 1.25 5.45 0.75 1.51 NaN
12.6 NaN 2.2 18.5 94 1.62 0.66 NaN 0.94 7.1 0.73 1.58 695
12.25 4.72 2.54 21 89 1.38 0.47 0.53 0.8 3.85 0.75 NaN 720
12.53 NaN 2.64 25 NaN 1.79 0.6 0.63 1.1 5 NaN NaN 515
13.49 3.59 2.19 19.5 88 1.62 0.48 0.58 0.88 5.7 0.81 1.82 580
NaN 2.96 2.61 24 101 2.32 0.6 0.53 0.81 4.92 0.89 2.15 590
12.93 2.81 2.7 21 96 1.54 0.5 0.53 0.75 4.6 0.77 2.31 600
13.36 2.56 2.35 20 89 1.4 0.5 0.37 0.64 5.6 0.7 NaN 780
13.52 NaN 2.72 23.5 97 1.55 0.52 0.5 0.55 4.35 0.89 2.06 520
13.62 4.95 2.35 20 92 2 0.8 0.47 1.02 4.4 0.91 2.05 550
NaN 3.88 2.2 18.5 112 1.38 0.78 0.29 1.14 8.21 0.65 2 855
13.16 3.57 2.15 NaN NaN 1.5 0.55 NaN NaN NaN 0.6 NaN 830
13.88 5.04 2.23 20 80 0.98 0.34 NaN NaN 4.9 0.58 1.33 415
12.87 NaN 2.48 21.5 86 1.7 0.65 0.47 0.86 7.65 0.54 1.86 625
NaN 3.24 NaN 21.5 92 1.93 0.76 NaN 1.25 8.42 0.55 1.62 NaN
13.08 3.9 2.36 NaN 113 1.41 1.39 NaN 1.14 9.4 0.57 1.33 550
13.5 3.12 2.62 24 123 1.4 NaN 0.22 1.25 8.6 0.59 1.3 500
NaN 2.67 2.48 22 112 1.48 1.36 0.24 1.26 10.8 0.48 1.47 480
13.11 1.9 2.75 25.5 116 NaN 1.28 NaN 1.56 7.1 0.61 1.33 425
13.23 3.3 2.28 18.5 NaN 1.8 0.83 0.61 1.87 10.52 0.56 1.51 675
NaN 1.29 2.1 20 103 1.48 0.58 0.53 1.4 7.6 0.58 1.55 640
NaN 5.19 2.32 22 93 1.74 0.63 0.61 NaN 7.9 0.6 1.48 725
NaN 4.12 2.38 19.5 89 1.8 0.83 0.48 1.56 9.01 0.57 NaN 480
12.45 3.03 2.64 27 97 1.9 NaN 0.63 1.14 7.5 NaN 1.73 NaN
14.34 1.68 2.7 NaN 98 2.8 1.31 0.53 2.7 13 0.57 1.96 660
NaN 1.67 2.64 22.5 89 2.6 1.1 NaN 2.29 11.75 0.57 1.78 620
12.36 3.83 NaN 21 88 2.3 0.92 0.5 1.04 7.65 0.56 1.58 520
13.69 3.26 2.54 20 NaN 1.83 0.56 0.5 0.8 5.88 0.96 1.82 680
12.85 3.27 2.58 22 106 1.65 0.6 NaN 0.96 5.58 0.87 2.11 570
12.96 3.45 2.35 18.5 106 1.39 NaN 0.4 0.94 NaN NaN 1.75 675
13.78 2.76 2.3 22 NaN 1.35 NaN 0.41 1.03 9.58 0.7 1.68 615
13.73 4.36 2.26 NaN 88 1.28 0.47 0.52 1.15 6.62 0.78 1.75 NaN
13.45 3.7 2.6 23 111 1.7 NaN 0.43 NaN 10.68 0.85 1.56 695
12.82 3.37 2.3 19.5 88 NaN 0.66 0.4 0.97 10.26 0.72 1.75 685
13.58 NaN 2.69 24.5 105 NaN 0.84 0.39 1.54 NaN 0.74 1.8 750
13.4 4.6 2.86 25 112 1.98 0.96 0.27 1.11 8.5 0.67 NaN 630
12.2 3.03 2.32 19 NaN 1.25 0.49 0.4 NaN 5.5 0.66 1.83 510
12.77 NaN 2.28 19.5 86 1.39 0.51 0.48 0.64 9.899999 0.57 1.63 470
14.16 2.51 2.48 20 91 1.68 0.7 0.44 1.24 9.7 NaN 1.71 660
NaN 5.65 2.45 20.5 95 1.68 0.61 0.52 1.06 7.7 0.64 1.74 740
13.4 3.91 NaN 23 102 NaN 0.75 0.43 NaN 7.3 0.7 1.56 750
13.27 4.28 2.26 NaN 120 1.59 0.69 0.43 1.35 10.2 0.59 NaN 835
13.17 2.59 2.37 20 120 1.65 NaN NaN 1.46 9.3 0.6 1.62 840
14.13 4.1 2.74 24.5 96 2.05 0.76 0.56 1.35 NaN NaN 1.6 560
