0.72694 1.4742 0.32396 NaN 1 0.83592 0.0046566 0.0039465 NaN 0.12795 0.016108 0.0052323 NaN 1.1756
0.74173 1.5257 0.36116 NaN 0.99825 0.79867 0.0052423 0.0050016 0.02416 0.090476 0.0081195 0.002708 7.4846e-05 0.69659
0.76722 1.5725 0.38998 0.97755 1 NaN 0.0074573 0.010121 0.011897 0.057445 0.0032891 0.00092068 3.7886e-05 0.44348
NaN 1.4597 0.35376 0.97566 1 0.81697 0.0068768 0.0086068 NaN NaN 0.0042707 NaN NaN 0.58785
0.82301 1.7707 0.44462 NaN 1 0.75493 0.007428 0.010042 0.0079379 0.045339 0.0020514 0.00055986 2.3504e-05 NaN
NaN 1.4892 0.34284 NaN NaN 0.84482 0.0049451 0.0044506 0.010487 NaN 0.0034138 0.0011248 NaN 0.34068
0.82063 NaN NaN NaN 0.99649 NaN NaN 0.0063954 0.018375 NaN 0.0064523 NaN 4.1495e-05 0.53904
0.77982 1.6215 0.39222 0.98512 0.99825 0.80816 0.0050987 0.0047314 0.024875 0.089686 NaN NaN 0.00014676 NaN
NaN NaN 0.45693 NaN 1 0.77106 0.0060055 0.006564 0.0072447 0.040616 0.0016469 0.00038812 NaN 0.33696
NaN 2.3906 0.58336 0.97683 0.99825 0.66419 0.0084019 0.012848 NaN 0.042347 0.0017901 NaN 2.8251e-05 0.28082
NaN NaN 0.34116 0.98296 1 NaN NaN 0.0056395 0.0057679 NaN 0.0013313 NaN NaN 0.25026
0.79606 1.6934 0.43387 0.98181 1 NaN NaN 0.011071 0.013677 0.057832 0.0033334 0.00081648 NaN NaN
0.93361 2.7582 0.64257 0.98346 1 NaN 0.0055336 0.0055731 NaN NaN NaN 0.0020648 0.00023883 0.91499
NaN 2.4994 0.60323 0.983 NaN 0.64916 0.0061494 0.0068823 0.018887 0.072486 0.0052267 0.0014887 8.3271e-05 0.67811
0.89063 NaN 0.56667 0.98732 1 NaN 0.0028365 0.0014643 0.029272 0.091328 NaN 0.0022383 0.00020166 0.87177
0.86755 2.009 0.51464 0.98691 1 0.70277 NaN 0.0053937 0.030348 NaN NaN 0.0022541 0.00019854 NaN
0.91852 2.5247 0.61648 NaN 1 0.63037 0.0050494 0.0046404 NaN 0.082029 0.0066839 NaN 0.00012452 0.71713
0.88795 NaN 0.56218 0.97835 0.99825 0.64158 NaN 0.0063874 0.032722 0.092969 0.0085691 NaN 0.00027729 1.008
0.85121 1.9548 NaN 0.98622 1 0.70267 0.0039733 0.0028733 NaN NaN NaN 0.0012274 0.00014929 0.74174
NaN NaN 0.57815 0.97389 1 0.64598 0.015271 NaN 0.028461 0.086477 0.0074228 NaN NaN NaN
NaN 2.8973 0.65828 0.98182 1 NaN 0.0064894 0.0076645 0.023606 0.072237 NaN NaN NaN 0.90513
0.84113 NaN NaN 0.99039 1 0.75976 0.0046759 0.0039793 0.062798 0.13234 NaN NaN 0.00065523 NaN
0.70273 1.2099 NaN 0.9211 0.98772 0.60555 0.023597 NaN 0.089301 NaN 0.038786 NaN 0.0004049 1.5371
0.66307 1.2065 NaN 0.94952 0.99649 0.75954 NaN 0.032621 0.021815 0.097143 0.0093485 0.0040284 NaN 0.5341
0.61289 1.0991 NaN 0.92405 0.98421 NaN 0.025545 0.11877 0.054687 NaN NaN NaN 0.00012121 NaN
0.70668 NaN 0.38111 NaN 0.99825 0.6925 0.019432 NaN 0.031587 0.11502 0.013056 0.0053112 NaN 0.72247
0.66889 1.1435 0.3846 0.90355 0.99649 0.60571 0.028329 0.14606 NaN 0.15931 NaN 0.010304 0.00018533 NaN
0.50139 1.0066 NaN 0.91585 NaN 0.64029 NaN 0.086347 NaN 0.1598 0.024899 0.011106 NaN NaN
0.60803 1.0646 NaN 0.90487 0.99649 NaN 0.031915 0.18538 0.06245 NaN NaN NaN 0.00022964 1.2307
0.56599 NaN 0.35318 0.89086 0.99825 0.62068 0.032971 0.19785 0.026348 NaN 0.011088 0.0046505 5.2046e-05 0.62671
0.68605 1.1632 0.37528 0.91639 0.99825 0.61136 NaN 0.16753 0.058401 NaN 0.027633 NaN NaN 1.0815
0.59571 1.084 0.32592 NaN 0.99825 NaN 0.024753 0.11151 0.042051 0.14722 0.021213 0.010881 NaN NaN
NaN 1.1191 0.17272 0.96806 0.99298 0.73417 NaN NaN NaN NaN NaN 0.0040597 NaN NaN
0.62011 NaN 0.2836 NaN 0.99825 NaN 0.0086562 0.013637 0.04722 0.1186 NaN 0.0037549 0.00044188 1.2024
0.73429 1.5069 NaN 0.94518 1 0.62558 NaN 0.040879 0.038113 NaN NaN 0.0017773 NaN 1.335
0.64161 1.3004 NaN 0.93324 NaN 0.65487 NaN 0.058729 0.030897 NaN 0.0067132 0.0014678 0.00029878 1.2359
NaN 1.3166 NaN 0.97053 NaN 0.77183 NaN 0.015281 0.020413 0.065575 0.0042817 NaN 0.00020433 0.86218
0.74242 1.5529 NaN 0.95593 0.99474 NaN 0.012904 0.030306 0.020679 NaN 0.0041101 NaN NaN 0.87687
0.39289 NaN 0.17039 0.96405 NaN 0.79407 NaN 0.025176 0.025409 0.078211 NaN 0.0015299 NaN NaN
0.53017 1.2503 0.23254 0.97337 NaN 0.82703 0.0066263 NaN NaN 0.10941 NaN 0.0027809 0.00048839 1.5452
0.87844 1.8096 0.63151 0.83923 NaN 0.37688 0.043563 NaN 0.045468 0.12554 NaN NaN 0.00022842 NaN
0.88075 1.736 0.58345 NaN 0.91754 0.41551 0.040582 0.29973 0.035786 0.10047 NaN NaN 0.00025802 1.0952
0.86545 1.8803 0.62039 0.82443 0.85439 0.33077 0.047 NaN NaN 0.1157 0.01321 0.0042406 0.00020084 NaN
0.93671 2.4151 0.7298 NaN 0.86491 0.33439 0.080539 1.1805 0.048722 0.12051 0.014314 NaN 0.00037216 NaN
0.92676 2.222 NaN 0.82432 0.89474 0.35618 0.038012 0.26298 0.059981 0.14901 NaN 0.0075251 0.00028398 1.353
0.90944 NaN 0.69555 0.80873 0.85263 0.31039 0.047267 0.40663 0.039446 0.10517 0.010939 NaN 0.00029366 1.1602
0.89493 NaN 0.64925 0.81682 NaN 0.35318 NaN 0.45418 0.041808 0.12036 0.01428 0.0048007 0.00017096 1.0962
0.93613 2.3898 NaN NaN 0.90526 NaN NaN 0.28077 0.048447 NaN 0.014091 0.0037887 0.00042459 NaN
0.88172 1.774 NaN 0.8499 0.87368 0.34354 0.051776 0.4879 0.06103 0.1519 0.022554 0.0080813 0.00025039 1.3805
0.86224 1.7434 0.62464 0.85754 0.89298 NaN 0.050792 NaN 0.064428 0.16335 0.025989 NaN 0.00023873 NaN
0.82268 1.6657 NaN NaN 0.85614 0.32056 0.048803 0.43348 NaN NaN 0.033338 NaN 0.00027502 NaN
0.82135 1.6035 0.6025 0.84981 0.87544 NaN 0.056079 NaN 0.069239 0.16319 NaN NaN 0.00032134 1.4686
NaN 1.0544 0.72231 NaN NaN 0.20039 0.14864 4.0212 0.010917 0.053494 0.0028534 0.00087543 NaN 0.53199
0.50784 1.0544 0.623 NaN 0.59649 0.27687 NaN NaN 0.014816 0.067044 NaN 0.0013737 NaN NaN
0.47728 NaN 0.68343 NaN 0.56667 0.23896 0.10747 2.1022 0.024036 0.080623 0.0064581 NaN 0.00010648 NaN
0.52744 1.0419 NaN 0.77201 0.84211 0.33784 0.11438 NaN 0.0254 NaN 0.0066868 0.0017982 NaN 0.944
0.50964 NaN NaN 0.72175 NaN 0.21009 0.11264 2.3093 0.021181 0.080306 0.0064077 NaN 6.5828e-05 0.73274
0.63965 NaN 0.60663 0.77037 0.62105 0.24135 0.12438 NaN 0.025438 0.096215 0.0091723 0.0034208 5.1566e-05 0.75194
0.71847 1.2291 NaN 0.75574 0.66667 0.26004 0.098823 1.7774 NaN 0.073201 0.0053299 0.0013612 NaN 0.79862
0.47815 1.1032 0.52998 0.81654 NaN NaN 0.11547 NaN 0.006859 0.042071 NaN 0.00047564 NaN 0.30832
0.84886 NaN 0.5348 0.81465 0.97018 0.37276 0.035424 0.22838 NaN 0.1192 0.014009 0.0057424 0.00010856 1.2269
NaN NaN 0.53329 0.76697 0.95088 0.27825 0.039592 0.28528 0.023152 NaN NaN 0.0028187 5.6309e-05 0.8079
NaN NaN NaN 0.84406 NaN 0.49437 0.038509 0.2699 NaN 0.14411 0.020345 NaN 0.00016275 1.495
0.82602 1.6637 0.49244 NaN 0.99298 0.57136 NaN 0.089306 0.034444 0.1012 NaN 0.0030708 NaN 1.1047
0.86486 1.7986 NaN 0.87745 NaN NaN 0.029555 0.15898 0.027883 0.092866 NaN 0.0031577 NaN 0.9961
0.84563 NaN NaN 0.92748 1 0.62301 0.014708 0.039374 0.025028 0.077667 0.0059959 NaN 0.00029619 1.1899
0.87163 2.0659 0.55339 0.94868 1 0.60231 0.031671 0.18255 NaN NaN 0.017742 0.0066921 0.00016133 1.4016
0.86587 1.9999 0.52725 NaN NaN 0.67283 0.0092956 NaN 0.021192 NaN NaN 0.0014673 0.00015488 0.78201
0.82373 1.6421 NaN 0.85777 0.98421 NaN NaN 0.073157 0.018698 0.075567 0.005678 0.0023517 8.791e-05 0.7658
0.84285 NaN NaN 0.91339 NaN 0.60526 0.028734 0.15027 0.038283 0.1156 0.013186 0.0048867 NaN 1.1185
NaN 6.0596 NaN 0.97628 0.98772 NaN NaN NaN 0.03683 NaN NaN NaN 0.00022206 1.0185
NaN 6.0229 NaN 0.96522 NaN NaN NaN 0.11074 0.0303 NaN 0.0093394 0.0027833 0.00018341 0.85025
NaN 6.628 0.84928 0.96861 NaN 0.27717 NaN 0.1534 0.032722 0.10283 0.010462 0.0033387 0.00013116 0.94985
0.98326 5.8308 0.82878 0.96489 1 NaN 0.014672 0.039178 0.019278 NaN 0.0053178 0.0014657 9.7882e-05 0.66403
0.98592 6.0269 0.83884 0.96027 0.96842 0.28345 0.025004 0.11379 0.021226 NaN 0.0064972 0.001957 9.1646e-05 0.64839
0.98695 6.2904 0.84124 0.97085 NaN NaN 0.023221 0.09814 0.025859 0.089821 0.0080032 NaN 9.7883e-05 0.8112
0.98717 6.5173 0.84726 0.96846 NaN 0.28899 NaN 0.08854 0.042124 0.11842 NaN 0.0043818 0.00020215 1.098
0.98361 NaN 0.82847 0.95488 NaN NaN NaN NaN 0.039243 0.11622 0.013327 NaN 0.00019465 1.0006
NaN 6.1273 NaN NaN 0.89649 NaN 0.019421 0.068643 0.028986 0.095642 NaN 0.0027526 0.00014425 0.82529
0.986 6.1763 0.83942 0.97837 0.99298 0.31607 0.011769 NaN 0.051048 0.13524 0.017961 NaN 0.0003128 1.166
NaN 7.142 0.86069 0.96683 0.99474 NaN NaN 0.08568 0.024361 NaN 0.0075307 0.0023055 9.7934e-05 0.7396
NaN 1.2059 NaN NaN 0.99649 NaN 0.030166 0.16561 NaN 0.17347 NaN 0.0093049 0.00067871 1.5956
0.53941 NaN 0.32286 0.91793 0.97368 NaN 0.034884 NaN 0.060967 NaN 0.022362 0.0076389 0.00043953 1.2541
NaN 1.2733 0.31093 0.93409 NaN NaN 0.017966 0.058744 0.043685 0.12505 0.015397 NaN 0.00042441 0.94617
0.58938 NaN 0.40145 0.89009 0.98421 0.43977 0.047907 0.4177 NaN 0.19211 NaN NaN NaN 2.1004
0.64803 1.392 NaN 0.89752 0.96316 NaN 0.026737 0.1301 NaN 0.15033 0.022099 NaN 0.00036426 1.184
0.54029 1.2759 NaN 0.88831 NaN NaN NaN 0.1441 0.051554 0.14256 NaN 0.0074501 0.00020354 1.1427
0.4309 1.2825 0.38769 0.85341 0.96667 0.46204 0.052403 0.49979 0.067688 0.16198 0.025566 0.0091042 NaN 1.3596
NaN 1.2195 0.27095 0.94433 1 0.66599 NaN 0.032299 0.024332 0.10405 NaN 0.0047135 4.6307e-05 NaN
0.4867 1.2165 0.37691 NaN 0.99474 0.54006 0.032181 NaN 0.098716 0.18377 0.03267 0.009529 0.00095661 1.9018
0.46098 1.2199 0.32967 0.90459 1 0.56329 0.027061 0.13328 0.092156 NaN NaN 0.010076 0.00090962 1.7156
0.73086 1.5285 NaN NaN NaN NaN 0.034289 NaN 0.02898 0.10191 0.01028 NaN 0.00010051 0.76676
0.51577 1.2902 NaN 0.9208 0.99474 NaN 0.023879 NaN NaN NaN 0.014732 NaN 0.00056945 1.1232
0.59837 NaN 0.35704 0.93647 0.99825 NaN NaN 0.071484 NaN 0.13137 0.016966 NaN NaN 0.93682
0.55112 1.2821 0.39683 0.88375 NaN 0.49492 NaN 0.17015 0.062015 NaN 0.02093 0.0063685 0.00067747 1.2659
NaN NaN NaN 0.90736 NaN 0.54595 0.047809 NaN 0.11385 NaN 0.033467 0.0082395 0.0012682 2.2422
0.46727 NaN 0.36748 NaN 0.97719 0.57995 0.051335 0.47962 0.13764 NaN NaN 0.0061636 0.0029358 NaN
0.55362 1.2438 0.39517 0.91092 0.97193 NaN 0.046323 0.39055 0.083154 0.17465 0.0296 0.0094574 NaN NaN
NaN 1.1782 NaN NaN 0.97544 0.58719 0.045933 0.384 0.076818 0.14622 0.020931 0.0048174 0.0014091 1.6749
0.64414 1.37 0.42697 NaN 0.96491 NaN 0.055411 0.55882 0.1203 0.19149 0.035373 NaN NaN 2.2137
0.55977 1.3442 0.34301 0.9298 0.97544 0.57879 0.053564 0.52218 0.14905 0.25543 0.061249 NaN NaN 2.413
NaN 1.2499 0.30101 0.94477 0.9807 NaN 0.0494 0.44415 0.096252 NaN 0.050382 NaN 0.00026934 1.4463
0.23041 1.1294 0.25496 NaN 0.97368 0.6084 0.040722 0.3018 0.10957 NaN 0.052636 0.02418 NaN 1.6648
0.46094 NaN 0.22905 0.95565 0.97544 NaN 0.038286 0.26678 0.11753 NaN 0.046329 0.016554 NaN 1.9866
0.54913 1.2769 0.31283 0.93889 0.99123 0.5933 NaN 0.31404 NaN 0.2605 NaN 0.02379 0.000843 2.203
NaN 1.1127 0.27055 0.95426 NaN NaN 0.05426 0.53584 0.10967 0.21507 0.044212 NaN 0.00061195 1.8452
0.38564 1.0471 0.23328 0.95176 NaN 0.67107 0.050832 0.47028 0.13563 0.24744 NaN 0.022 NaN NaN
0.36127 NaN 0.26213 NaN 0.96667 0.59302 0.04962 NaN 0.19067 NaN NaN NaN NaN 2.6604
0.51247 1.1116 0.65626 0.57724 0.59298 0.16867 0.11187 2.2776 NaN NaN NaN 0.00087861 NaN 0.6508
NaN 1.1111 NaN 0.56623 0.6 0.15743 NaN 3.1143 0.021231 NaN 0.0063155 NaN 7.3919e-05 NaN
0.43425 1.095 0.68828 0.52398 NaN NaN 0.13761 3.4462 0.021147 0.073202 0.0053299 0.00134 0.00016376 0.75496
0.38501 1.0656 0.63042 0.51223 0.59123 0.13705 0.12292 2.7498 0.033373 NaN 0.0096879 0.0027872 0.00021426 1.0015
0.26758 1.1316 NaN NaN 0.77368 0.20311 0.15354 4.2904 NaN 0.07145 NaN NaN 7.2478e-05 NaN
NaN 1.047 NaN 0.56524 0.79474 0.21788 0.12522 2.854 0.037595 0.127 0.015874 0.006587 NaN 0.8331
0.39092 NaN 0.68174 0.50961 0.6614 0.15361 0.14082 3.6093 0.028638 NaN NaN 0.0021177 NaN NaN
0.4042 1.0965 0.65899 0.52833 0.68421 0.1771 0.13017 3.0837 NaN 0.096836 0.0092902 NaN NaN NaN
0.50692 NaN NaN 0.53024 NaN 0.16792 0.13006 NaN NaN NaN 0.0033059 0.00072847 0.00010983 0.67289
0.47565 1.0656 NaN NaN 0.49649 0.14133 0.12987 3.0697 0.023977 0.0842 0.0070397 0.0020845 0.00011284 0.77399
0.52382 1.1117 0.67175 0.54701 NaN NaN 0.13674 NaN NaN 0.085792 NaN 0.0021373 0.00016583 0.90513
NaN NaN NaN 0.49042 0.68772 0.14118 0.1243 2.8118 0.037866 0.11692 0.013485 0.0046475 0.0001769 NaN
0.52212 1.1191 0.70988 NaN 0.64912 0.1412 0.13192 3.1674 0.025478 0.085964 0.0073356 0.0021793 NaN 0.82809
0.38203 1.0405 0.6901 NaN 0.63684 0.13165 0.11852 2.5565 0.027997 0.093312 0.008632 NaN 0.00012469 0.84994
0.27123 1.096 0.68075 0.49446 0.53684 0.13088 0.12815 2.9887 NaN NaN NaN NaN 0.00022058 0.80402
0.44882 1.0118 0.6301 0.57134 0.81053 0.16187 NaN 2.2486 NaN 0.088889 0.0078393 NaN 0.00017545 0.86
0.88374 NaN NaN 0.8581 NaN 0.40448 0.054511 NaN NaN 0.14657 0.021032 0.0067378 0.00037204 1.6461
NaN 2.5959 0.63023 0.94977 1 0.4976 0.024404 0.10839 NaN 0.1528 0.022814 0.0075708 0.00031405 1.6221
0.82866 1.9848 0.50917 NaN 0.99825 NaN 0.025524 0.11857 0.080103 0.16692 NaN 0.0086548 0.0004265 NaN
0.87863 2.4734 0.60898 NaN 0.99123 0.45758 0.056994 0.59119 NaN NaN 0.026095 0.0087482 0.00034348 1.8363
0.92876 2.8218 0.66081 0.93335 0.97544 0.43699 0.046152 NaN 0.050806 0.13408 0.017661 0.0064421 0.00017937 1.4027
NaN 2.6184 NaN NaN NaN 0.51584 0.021091 NaN NaN 0.12676 0.015815 0.0047138 0.00031804 1.3323
NaN 2.5638 0.62255 NaN 0.97895 0.57504 0.0097927 0.017453 0.026156 0.10029 NaN NaN 4.4661e-05 NaN
0.90037 2.3499 0.60125 0.93713 0.98421 0.46172 0.03166 NaN NaN 0.18081 0.031658 NaN 0.00050824 2.3052
0.8728 2.3151 0.58751 0.90716 0.98772 NaN 0.058029 0.61287 NaN 0.17378 0.029313 0.011448 0.00025642 1.6895
0.93377 2.8883 0.66665 NaN 0.96316 0.43032 0.03571 NaN 0.047675 NaN NaN 0.0057866 0.00016113 1.321
0.88185 NaN 0.57028 0.93013 0.99825 NaN NaN NaN 0.072246 NaN NaN NaN NaN NaN
0.87259 2.1845 NaN NaN 0.99474 0.52611 0.044598 NaN 0.060388 0.14227 0.019839 0.0062705 0.00031494 1.4969
0.71763 NaN 0.33723 0.98803 1 0.82342 NaN 0.0029736 NaN 0.12542 0.015486 NaN NaN 1.3598
NaN 1.5437 0.36231 0.98616 1 NaN NaN NaN 0.046731 NaN 0.014265 0.0041563 NaN 1.2681
0.75285 1.5603 0.38474 0.98701 0.99649 0.78037 0.004611 NaN 0.046705 NaN NaN 0.0038164 0.00028371 NaN
NaN 1.5319 0.34987 0.98479 1 NaN 0.0078079 0.011095 0.027888 0.11472 NaN NaN 5.0098e-05 0.59895
0.63969 NaN 0.28845 0.98738 1 0.82125 NaN 0.0032593 0.080446 0.15813 NaN 0.0066506 0.00067629 NaN
0.62033 NaN 0.26312 0.98535 1 0.82478 0.0049896 0.0045311 NaN 0.14655 NaN NaN 0.00053019 NaN
0.64536 1.3743 0.28162 NaN 1 0.84494 0.005427 0.0053602 0.026853 NaN NaN 0.0020334 0.00012813 0.94296
NaN NaN 0.34048 0.98262 1 0.78473 NaN 0.0068862 0.08405 0.17102 NaN 0.0087725 NaN NaN
0.70275 NaN 0.34772 0.98776 NaN 0.80848 0.0037534 0.002564 0.055512 0.12613 NaN 0.004022 NaN 1.4395
0.69686 NaN 0.33575 0.9851 NaN NaN NaN 0.0024356 0.038211 0.10889 0.011717 0.003581 0.00016657 1.1363
0.66351 1.4024 0.31179 NaN 1 NaN NaN 0.0085907 0.068206 NaN 0.01894 NaN NaN 1.7727
NaN NaN NaN 0.98301 NaN 0.79998 0.0087621 0.013973 0.1196 NaN 0.030726 NaN 0.0016787 NaN
0.64314 1.3574 0.28063 0.98631 0.99825 0.81381 NaN 0.0050608 0.058531 0.13108 NaN NaN NaN 1.5136
0.91298 2.455 0.61097 NaN 0.99825 NaN 0.0095958 NaN 0.090447 0.1871 NaN 0.0115 NaN 1.6879
0.9136 2.5213 0.61341 0.97227 NaN 0.56248 0.0078474 NaN 0.068427 NaN NaN NaN 0.00057194 1.7187
NaN 2.457 0.61108 0.97034 0.97544 NaN NaN 0.010799 0.092547 0.18786 NaN 0.011708 0.00046097 1.8501
NaN 2.4132 0.60362 0.96618 0.99649 0.56153 0.0091377 NaN 0.10604 0.20316 NaN 0.013227 NaN 1.8526
NaN 1.9723 0.51434 0.97407 0.99825 NaN NaN NaN NaN NaN 0.018816 0.0073898 0.00015454 1.014
0.91296 2.4862 0.62315 0.96188 NaN 0.51041 NaN 0.020775 0.064539 0.13678 NaN 0.0048636 0.00052757 1.6875
0.93802 NaN 0.65774 NaN 1 0.58194 0.0067321 NaN 0.052218 0.13491 0.017874 0.0057374 NaN 1.2161
NaN 3.0366 NaN 0.93952 0.99474 0.42979 0.031219 NaN 0.038691 0.1076 NaN 0.0032156 0.00024816 NaN
NaN NaN 0.57689 NaN NaN 0.57906 0.0081422 0.012066 NaN NaN 0.022351 0.0078553 0.00031192 NaN
0.89507 2.2045 NaN NaN 0.99649 NaN NaN 0.0051962 NaN NaN NaN 0.012562 NaN 2.0484
NaN NaN NaN 0.96929 0.99825 NaN 0.0073021 0.0097043 NaN NaN 0.03742 0.012995 0.00049125 2.0094
NaN NaN NaN 0.97688 0.99825 0.59259 0.0064679 0.0076137 0.063688 0.1472 0.021208 0.0067017 0.00032702 1.5332
0.4132 1.0384 0.48465 0.78118 0.87018 0.30478 0.080722 NaN 0.047303 NaN NaN NaN 0.00019037 1.489
0.56324 1.1928 NaN 0.77564 0.93333 0.34791 NaN 0.87668 0.10401 0.17923 NaN 0.0094494 NaN 2.4883
NaN 1.1232 0.46175 0.80214 0.9 NaN NaN NaN 0.10125 0.17926 0.031133 0.010102 NaN 2.4808
0.60319 1.088 0.51739 0.7638 0.90175 0.23802 0.077022 1.0797 0.10994 0.17976 NaN 0.0088846 0.00087888 2.6613
0.53622 1.2341 NaN NaN NaN NaN NaN NaN NaN NaN NaN 0.0056501 0.00013103 1.2646
0.37902 1.0738 NaN 0.71586 NaN 0.26309 0.065312 0.77635 NaN 0.14275 0.019969 0.0059582 NaN NaN
0.53693 1.0751 NaN NaN 0.77544 NaN 0.080278 NaN 0.091322 0.16265 0.025773 0.007318 0.00080697 2.2704
0.51153 1.0767 0.47053 NaN 0.90702 0.28838 NaN 1.0789 NaN NaN 0.028776 NaN NaN 2.0412
0.44271 NaN 0.49548 0.74434 0.87018 NaN 0.079481 1.1497 0.10151 0.1726 0.028929 0.0076406 0.00084487 2.389
0.30574 NaN 0.58847 0.66502 0.84737 NaN 0.10064 1.8435 0.074621 0.14273 NaN 0.0054026 0.00062391 NaN
0.92522 2.695 0.63571 NaN 0.99298 0.505 NaN 0.30158 0.055742 NaN 0.023734 0.0096617 0.00030237 1.0351
0.90557 2.3423 0.58487 0.95943 0.97368 0.55537 NaN NaN 0.045897 0.13433 0.017724 0.0066757 NaN 0.9943
NaN 2.638 NaN 0.96692 0.99123 NaN NaN NaN 0.054145 0.1674 NaN 0.013322 0.00016644 0.8989
NaN 2.3863 NaN NaN NaN NaN 0.048934 0.43581 0.062886 0.17454 0.029562 0.013364 0.00026357 1.0734
0.9456 3.1174 0.70912 NaN 0.89298 0.33915 NaN 3.2956 0.052685 0.14875 NaN NaN 0.00025614 1.0503
0.91747 2.7054 NaN 0.87687 0.98947 0.42531 0.089364 1.4534 0.042216 0.12098 0.014424 0.0047692 0.0003061 1.0097
0.86049 2.0997 0.532 0.9358 0.98772 NaN 0.033994 0.21032 0.040254 NaN 0.01814 0.0080226 NaN 0.82059
0.89808 NaN 0.59137 0.93186 0.98596 0.51229 0.029398 NaN 0.044185 0.15479 0.0234 NaN NaN 0.78887
0.86988 2.1277 NaN 0.96257 1 0.64927 NaN NaN NaN 0.096968 NaN NaN 0.00010402 0.7271
0.86675 NaN 0.52999 NaN 0.98947 0.55141 0.028749 0.15043 NaN 0.12007 NaN 0.0064538 6.947e-05 0.64966
0.96652 3.8162 0.74273 0.82566 0.94737 0.32925 NaN NaN NaN 0.10148 NaN 0.0046292 NaN NaN
NaN NaN 0.66689 NaN NaN NaN NaN NaN NaN 0.071198 0.0050436 0.0017096 4.8527e-05 0.46762
NaN 1.2435 0.33084 0.94147 NaN 0.64089 0.024255 0.10708 NaN 0.09745 0.0094072 NaN 1.2841e-05 0.37324
NaN 1.2296 0.34897 0.93189 0.97368 NaN NaN NaN NaN NaN 0.0049035 NaN 2.4448e-05 NaN
NaN 1.1599 0.47899 0.91562 NaN NaN NaN 1.7197 0.013983 0.076408 0.0058043 0.0024109 2.5646e-05 0.36029
NaN 1.1574 0.42617 0.91741 0.92456 0.46699 0.063396 0.73147 NaN 0.105 0.010904 0.0044681 NaN 0.63468
NaN NaN 0.48001 0.91247 0.79474 0.3885 NaN 1.4469 NaN 0.10182 NaN 0.0037888 0.00010673 NaN
NaN 1.2441 0.50214 NaN 0.86667 NaN NaN NaN NaN 0.091645 NaN 0.0033696 NaN 0.49195
0.58637 1.1419 0.30339 0.93305 0.92105 NaN 0.041282 0.31016 NaN 0.093704 0.0087041 0.0032291 0.00010441 0.54481
0.50771 1.1084 0.25071 0.93529 NaN 0.64927 0.02595 0.12256 0.013493 0.073509 0.0053745 NaN NaN 0.3475
NaN NaN 0.41835 0.94269 0.95263 0.54871 0.058835 0.62999 0.016202 0.074883 0.0055761 NaN 7.1264e-05 NaN
0.63548 1.202 NaN 0.89373 0.86842 0.44347 0.077616 NaN NaN NaN 0.010672 0.005084 3.1292e-05 0.48911
NaN NaN 0.44987 0.90929 0.89123 NaN 0.070699 NaN NaN NaN 0.0034924 0.0013047 2.2232e-05 0.26169
NaN 1.4683 0.35457 NaN 0.99123 0.70641 0.02021 0.074334 0.059026 NaN 0.015925 NaN 0.0012496 1.3596
NaN 1.2955 0.25519 0.97441 NaN 0.7824 0.012063 0.026483 0.020129 0.076722 0.0058518 0.0016389 0.00012751 NaN
0.4443 1.2035 0.19432 NaN 1 NaN NaN NaN NaN 0.10265 0.010427 NaN NaN 0.73255
0.6368 NaN NaN 0.9747 0.99825 0.78457 NaN 0.032608 0.028272 0.084495 0.0070888 0.0017155 0.00031351 0.913
0.64168 NaN 0.3362 0.95562 0.99825 0.72952 0.017439 0.05535 0.02413 0.074641 0.0055403 0.001194 NaN 0.82279
NaN NaN NaN 0.95055 0.99825 0.71499 0.026876 0.13146 0.068134 NaN 0.017136 0.0036798 0.0014697 1.6315
0.44567 1.2107 NaN 0.97104 0.99123 0.80094 NaN 0.047628 NaN NaN 0.0054631 0.0013865 0.00016174 NaN
NaN 1.487 0.33465 NaN 0.98246 0.7713 0.012399 0.02798 NaN 0.044132 0.0019439 0.00049059 3.6857e-05 0.28857
NaN 1.0944 NaN 0.97545 1 0.81957 0.016114 NaN NaN 0.087092 NaN 0.001568 0.0006066 1.0292
0.53283 1.3078 0.25925 NaN 1 0.77065 NaN 0.057312 0.05341 0.12259 0.014806 NaN 0.0012358 1.1886
0.52828 1.2496 0.2238 0.98317 1 0.82495 0.010372 0.01958 NaN NaN NaN 0.0019794 NaN 1.341
NaN 1.146 0.20076 NaN 0.99649 0.71333 NaN 0.057204 NaN NaN NaN 0.002653 0.00035728 NaN
NaN NaN NaN NaN 1 NaN 0.016021 0.046715 0.012025 0.050266 0.0025203 NaN 0.00013299 0.49261
NaN NaN 0.43475 0.91337 0.98596 NaN 0.046324 0.39055 0.097628 NaN NaN NaN NaN 1.8296
0.71573 1.3808 0.37798 0.95035 NaN 0.68138 NaN 0.11445 NaN 0.23183 0.051004 0.023571 0.00044425 1.5025
0.81957 NaN NaN NaN 0.98421 0.60691 0.045977 0.38473 0.097894 0.20665 0.040954 0.015521 NaN NaN
0.83029 1.633 0.49437 NaN 0.96842 0.62529 NaN NaN 0.13423 0.2648 0.065523 0.029786 0.00074416 1.7493
0.75259 NaN 0.41155 0.91036 0.99298 NaN 0.044162 0.35495 0.12959 0.25343 0.060352 0.026003 0.00063907 1.813
0.7831 1.5389 0.42639 0.94648 0.97544 NaN 0.038706 0.27266 0.12607 0.24469 NaN 0.023259 NaN 1.8504
0.78823 1.6027 NaN 0.91357 0.95614 0.62781 NaN 0.67072 0.12958 0.2522 NaN NaN NaN NaN
0.83094 NaN 0.49439 NaN 0.99649 0.65605 0.023841 NaN NaN 0.24766 0.057789 0.025308 0.00078336 1.7001
0.7885 NaN NaN 0.95417 1 0.71101 0.026783 NaN 0.12808 0.21441 NaN 0.013032 0.0010116 2.2764
0.73365 1.5028 NaN 0.9828 NaN NaN NaN 0.005238 0.029255 0.10327 0.010553 0.0043013 9.1642e-05 0.88407
NaN 1.842 NaN 0.97383 0.99825 0.68405 0.01619 0.047706 NaN 0.087963 0.0076781 0.0029651 NaN 0.68174
NaN 1.2516 0.23975 0.9802 1 0.81411 0.0073087 0.009722 NaN 0.17933 0.031157 0.017403 NaN 0.98858
0.29901 1.0375 NaN NaN 1 NaN 0.011462 0.023912 0.032883 0.096034 0.0091383 0.0025695 0.00018734 1.0837
0.48223 1.1577 NaN 0.97886 1 0.71192 0.008864 0.0143 0.037174 NaN NaN 0.0044407 0.00014852 1.0089
NaN 1.2708 0.24364 0.98173 NaN 0.82082 0.0074388 0.010071 0.041688 NaN 0.013223 0.0041 0.00025724 1.1105
0.322 1.0698 0.13626 NaN 0.99825 0.81953 0.012913 NaN 0.076267 0.18383 NaN 0.014159 0.00026309 1.4955
NaN 1.1415 0.15235 0.98536 NaN NaN 0.0072199 0.009487 0.021863 0.079283 NaN 0.0017479 0.00013143 0.69178
NaN 2.0754 0.55373 NaN 0.98421 0.56448 0.019656 0.070316 0.037553 0.10946 0.011839 0.0038499 0.00021407 1.0693
NaN 1.2486 0.21485 0.98704 NaN 0.83511 0.0046582 NaN 0.04072 0.11304 0.012618 0.0036743 0.00033322 NaN
NaN 1.0732 0.14538 NaN 1 0.8407 0.0042083 0.0032232 0.04953 0.1489 NaN 0.010419 0.00010258 NaN
NaN 1.6903 NaN 0.97153 1 0.70462 0.019154 NaN 0.025981 0.10427 NaN NaN NaN NaN
0.60267 NaN NaN NaN NaN NaN 0.0084333 0.012944 NaN 0.061786 0.003803 NaN 0.00015231 0.85839
0.66906 1.2751 NaN NaN NaN 0.85816 0.0048599 0.0042987 0.031488 0.094241 NaN 0.0025337 0.00019057 1.0378
0.8138 1.737 0.42956 NaN 1 0.79117 0.0086131 NaN 0.033871 NaN 0.010699 NaN 0.00015394 1.0284
0.72719 1.4779 0.3298 0.99388 1 0.8423 NaN 0.0016019 0.02634 0.081903 0.0066634 0.0017846 NaN 0.9805
0.79923 1.6549 0.40919 0.98964 NaN NaN 0.0048968 0.0043641 0.028693 0.091008 0.0082145 NaN NaN 0.98834
NaN 1.6924 0.41016 0.99256 1 0.78909 0.0046348 0.0039096 0.031342 0.096493 0.0092251 0.0028704 NaN NaN
NaN 1.873 0.49654 0.98047 1 NaN 0.0092289 0.015501 NaN 0.1039 0.010681 0.0024623 NaN NaN
NaN 1.5763 0.38954 0.98731 1 NaN NaN 0.0056708 0.034734 0.098208 0.0095526 0.0027074 0.00023404 NaN
NaN NaN NaN 0.97695 NaN 0.79833 0.010883 0.021558 0.046764 NaN NaN 0.0021515 0.00074063 NaN
0.79389 NaN NaN 0.96802 NaN 0.79209 0.016566 0.049949 NaN 0.11769 NaN 0.0041812 0.00034846 1.42
0.66551 1.3617 0.26804 NaN NaN 0.76603 NaN NaN NaN NaN 0.0055037 NaN 5.245e-05 NaN
0.946 3.3475 0.7081 0.96212 1 NaN NaN 0.22851 0.054986 0.13106 0.016886 0.0047646 0.00051238 1.3088
0.93038 NaN 0.67525 0.95738 1 NaN 0.027111 NaN NaN NaN 0.014972 0.0041932 0.00032166 1.3848
NaN 2.6796 0.62862 NaN NaN 0.55874 0.019083 NaN 0.10351 0.19882 0.038028 NaN 0.00057453 1.9702
NaN 2.1536 0.53817 NaN NaN NaN 0.020327 0.075203 0.081306 NaN 0.033878 0.013211 0.00036142 NaN
0.91328 2.5654 0.61185 0.98179 NaN NaN NaN NaN 0.093484 0.19225 0.035644 0.012245 0.00061603 1.6701
0.91996 2.6668 NaN NaN 1 0.58002 0.010311 0.019349 NaN 0.19785 0.037671 0.011205 0.00078875 2.2241
0.91677 2.6955 NaN 0.98275 1 0.59459 NaN 0.0044087 0.10467 0.1876 0.033997 0.0096762 0.00085264 2.0585
0.91397 NaN 0.64656 0.96685 0.99298 0.55519 0.022351 0.090925 0.068514 NaN 0.022728 NaN NaN 1.5681
0.8762 2.2436 NaN 0.98425 1 NaN 0.010195 0.018915 0.14482 0.22485 NaN NaN NaN 2.4685
0.92081 2.9198 0.65845 NaN 0.99825 0.52299 NaN 0.024437 0.064788 0.16842 0.027581 NaN 0.00024357 NaN
0.86832 NaN NaN 0.98483 1 NaN NaN 0.0149 NaN NaN 0.040405 0.011659 0.0010933 2.1073
NaN 3.222 0.69174 0.95791 1 0.48142 0.022654 NaN NaN NaN 0.029915 0.011062 0.00039957 1.4215
0.8375 1.9512 NaN 0.968 NaN 0.65138 NaN NaN 0.0051195 NaN NaN NaN 1.1238e-05 0.23514
0.83275 NaN 0.50157 0.9557 0.99649 0.67019 NaN NaN 0.0092534 0.051082 0.0026026 NaN 4.0071e-05 0.32567
0.84579 2.0052 0.49931 0.96585 0.99825 0.65149 0.019981 NaN 0.0050343 0.036189 0.0013079 0.00035119 NaN 0.22547
0.74053 NaN 0.3892 0.9666 1 0.74844 0.025032 0.11404 NaN NaN 0.0020561 0.00054932 NaN 0.38449
0.82924 NaN 0.47248 0.96435 0.99825 0.661 0.023836 NaN 0.0057361 0.037634 0.0014143 0.00036897 1.3273e-05 0.27099
NaN 1.9016 0.47622 0.96505 NaN 0.69746 0.025026 0.11398 0.0056632 0.033415 0.0011153 0.00022942 NaN 0.29502
NaN 2.0918 0.51732 0.9451 NaN 0.6071 NaN NaN 0.0081002 NaN NaN 0.00050789 2.9215e-05 0.34316
0.8187 1.9126 0.47835 0.94904 0.99298 NaN NaN 0.26364 0.0050219 0.034026 0.0011564 0.00029213 1.5463e-05 NaN
0.78965 1.8186 NaN 0.94929 1 0.63343 NaN NaN 0.008049 NaN 0.0018843 0.00045429 2.9147e-05 0.36533
0.80728 1.857 NaN 0.95012 0.99298 0.60913 NaN 0.14724 0.0096387 0.060095 0.0035984 0.0013452 1.6802e-05 0.27688
0.80393 1.8829 0.4698 NaN 0.99298 NaN 0.043787 0.34894 NaN NaN 0.0038262 0.0014329 NaN 0.28509
0.85451 2.06 0.51569 0.968 0.98421 0.60909 0.025453 0.11791 NaN 0.044948 0.0020163 0.00051981 2.6189e-05 NaN
NaN 1.2166 0.27943 0.93462 0.99123 0.4092 0.016089 0.047113 0.096518 0.17131 0.028511 0.006963 NaN 1.851
NaN 1.2066 NaN 0.93945 0.97895 NaN 0.019009 0.065765 0.14675 0.19841 0.037876 0.0073471 NaN 2.7085
0.2458 1.1011 NaN NaN 0.99298 NaN 0.012818 0.029901 NaN NaN NaN NaN 0.0018094 2.579
NaN 1.2318 NaN 0.94783 NaN 0.54965 0.015115 0.041582 0.059148 0.13996 NaN 0.0057336 0.00042099 1.3579
0.35141 1.1428 0.24265 0.93638 0.99123 0.47846 0.019721 0.070781 0.1074 NaN 0.034115 0.0089893 0.0015026 1.9019
0.4803 NaN NaN 0.94544 0.99825 0.52139 0.022778 NaN 0.066259 NaN 0.021485 0.0061942 0.00073522 1.3669
0.19287 1.0551 0.25044 0.93641 NaN 0.47284 NaN 0.070581 0.055935 0.1303 NaN 0.0045832 0.00044001 1.4111
NaN NaN 0.22855 0.94687 NaN 0.58613 0.017327 NaN NaN 0.12748 0.015992 NaN 0.00023865 NaN
0.33254 1.1208 0.27473 0.93625 0.99474 0.49836 0.024394 NaN 0.10809 0.16882 0.027709 0.0059808 NaN 2.4866
0.39606 1.1647 0.29415 0.94064 NaN 0.5486 0.025244 0.11598 0.051625 NaN NaN 0.003721 0.00038216 NaN
NaN 1.1928 0.30567 0.93428 0.98947 NaN NaN 0.079866 NaN 0.12508 0.015404 0.003903 0.00045984 1.6497
NaN 1.1629 NaN NaN 0.99298 0.63919 0.020279 0.074844 0.028432 NaN 0.0090841 0.002812 0.0001478 0.78535
0.99541 NaN NaN 0.84991 NaN 0.17429 0.082108 NaN NaN NaN 0.0036695 0.0010735 5.216e-05 NaN
0.99611 11.006 NaN 0.86962 NaN 0.14581 0.064792 0.76404 0.011176 0.057808 0.0033307 NaN NaN 0.3731
0.99767 12.009 NaN 0.67005 0.94386 0.11114 NaN NaN 0.010215 0.051104 0.0026048 0.00066765 4.5324e-05 0.39905
0.99456 9.7351 0.90444 0.93346 NaN NaN 0.020897 0.079479 0.016599 0.075247 0.0056302 0.0019012 4.441e-05 0.48992
NaN 12.548 0.92397 0.93876 0.96842 0.16105 0.026941 0.1321 0.010116 0.057812 0.0033311 NaN 2.9179e-05 0.3101
0.99698 10.913 0.93836 0.70085 0.93684 0.11552 0.15334 NaN 0.010649 0.055629 NaN 0.00089618 3.6128e-05 NaN
NaN 9.6915 0.91233 0.88256 0.93509 0.17567 0.049695 0.44946 0.013721 NaN NaN 0.0015063 4.4371e-05 0.41054
NaN NaN NaN 0.68687 NaN 0.14478 0.18853 6.4689 0.013268 NaN 0.0047347 NaN NaN 0.37492
NaN NaN NaN NaN 0.90702 0.15101 0.17918 NaN NaN NaN 0.0019474 0.00070285 NaN 0.1694
NaN NaN 0.92461 NaN 0.90702 NaN 0.12257 2.7342 0.0082902 0.052333 0.0027313 NaN NaN 0.27303
0.99422 NaN NaN 0.8375 NaN 0.17712 0.055414 0.55887 0.016168 0.079996 NaN 0.0024534 5.5348e-05 0.38686
0.86224 NaN 0.52269 0.98686 0.99474 0.70529 0.010097 NaN 0.041404 0.12163 NaN 0.0048689 NaN 0.9458
0.87024 2.1094 0.52863 0.9836 0.99298 0.60784 0.0031737 NaN 0.026902 NaN NaN NaN 0.00016093 0.73904
NaN 2.0398 0.51338 0.98831 1 0.71419 NaN 0.0060148 0.052681 0.13941 0.019064 0.006376 0.00045928 1.0667
0.90305 NaN 0.57721 0.98504 1 0.58743 0.0044044 0.0035306 0.022443 0.077826 0.0060204 NaN 0.00021043 0.68561
0.88566 NaN 0.54993 NaN 1 0.59039 NaN NaN 0.039469 NaN 0.015285 0.0056604 0.00020409 0.84271
0.88078 2.147 0.54028 NaN 1 NaN 0.0031646 0.0018226 0.044894 NaN 0.016385 NaN 0.00032291 0.96576
NaN 2.2398 NaN 0.97997 0.99825 NaN 0.0091286 0.015166 0.025658 0.087206 0.0075476 0.0021518 NaN 0.75154
0.88661 2.2553 0.56472 0.98284 NaN NaN 0.012123 0.026749 0.022251 NaN 0.0069433 0.0020893 0.00016304 0.60779
NaN NaN NaN NaN 1 0.75011 NaN 0.0044331 NaN 0.10867 0.011672 0.0036787 0.0003005 0.80348
NaN NaN 0.50107 0.98449 0.99825 0.72127 0.0068277 0.0084843 0.015559 NaN NaN 0.0015733 6.9367e-05 NaN
NaN 1.6815 0.41383 0.97686 0.99825 0.7686 NaN 0.033289 NaN 0.076334 0.0057932 0.0019786 7.0661e-05 NaN
0.69887 1.4947 0.34694 0.97906 1 NaN NaN NaN 0.067277 0.15809 0.024383 0.0079843 NaN NaN
0.60555 1.3891 0.29569 0.97439 NaN 0.73603 0.010821 NaN 0.1363 0.20829 0.04158 NaN 0.0020084 2.2733
0.79495 1.7056 0.42041 0.98477 1 NaN 0.0074486 0.010098 0.064127 NaN 0.020929 0.0061549 NaN NaN
NaN NaN 0.4065 0.97627 1 0.75126 0.0098445 0.017638 0.020477 0.09052 0.0081274 0.0031335 0.00012137 NaN
0.69398 1.4542 NaN 0.98263 0.99474 NaN 0.0063863 0.0074227 NaN 0.16552 0.026666 0.0079652 NaN 1.5438
0.81992 1.8698 NaN NaN 0.99825 0.65353 0.0074141 NaN 0.06789 0.142 NaN NaN NaN 1.4857
NaN 1.4399 NaN NaN 1 NaN 0.0070802 0.0091235 0.083675 NaN 0.028872 0.008786 0.0010143 1.5313
0.72174 1.5301 0.35707 0.97994 NaN 0.78622 0.013545 0.03339 NaN 0.11435 0.012908 0.0038198 NaN 0.98926
NaN NaN 0.34921 0.98686 NaN NaN 0.017693 NaN 0.081485 0.16841 0.02758 NaN 0.00084762 1.552
NaN 1.4026 0.30387 0.9799 1 0.80081 0.0082573 NaN NaN NaN 0.033093 0.0087245 0.0013911 1.9632
0.71999 NaN 0.37089 0.97599 NaN 0.77145 0.013975 0.035546 NaN 0.19286 0.035863 NaN 0.001837 2.1311
NaN 10.352 0.90609 NaN 0.97895 0.16732 NaN NaN NaN 0.089455 NaN 0.0028882 6.9318e-05 0.73774
NaN 9.9653 0.90578 0.91515 NaN 0.17113 NaN 0.10392 0.020381 0.082596 0.0067759 0.0024074 5.0484e-05 0.67264
0.9967 NaN 0.914 0.91815 0.93684 0.14435 0.019976 0.072629 0.020667 0.085514 0.0072595 0.0028469 NaN 0.67925
0.99841 NaN NaN 0.85531 0.9 NaN 0.035845 0.23384 0.012341 0.066682 0.0044268 0.0017052 1.7724e-05 0.41828
0.99799 15.068 NaN 0.8807 0.95789 NaN 0.032164 0.18828 0.011686 NaN NaN 0.00086356 NaN 0.50576
NaN NaN 0.90564 0.92135 0.99825 NaN 0.016647 NaN NaN 0.071662 0.0051092 NaN 0.00017021 0.71514
NaN 10.736 0.90851 NaN 0.99649 0.18236 0.028571 0.14856 NaN 0.06961 NaN NaN NaN NaN
0.99518 NaN 0.90385 0.96551 0.98947 0.20051 0.0077228 NaN NaN 0.080385 0.0064203 0.0019168 9.5565e-05 0.66405
NaN 10.63 0.90598 0.88866 NaN NaN 0.025636 0.11961 NaN 0.065416 NaN NaN 6.4365e-05 0.52178
NaN 10.007 NaN NaN 0.97719 0.16244 NaN 0.19975 0.017258 0.070646 0.004966 NaN 7.1555e-05 0.59946
NaN NaN NaN NaN 0.90702 0.086183 NaN 0.97117 0.0078165 NaN NaN 0.00075332 1.2922e-05 0.34029
0.9109 2.5488 NaN NaN 0.99825 0.55818 0.01972 NaN 0.10132 0.17022 0.028158 0.0074614 0.0010974 2.3847
0.90391 2.458 NaN 0.9861 1 0.61429 0.0067013 0.0081731 0.08902 0.16706 0.027151 0.007219 0.00096593 1.8937
0.90755 2.582 0.62394 NaN NaN 0.55674 NaN NaN 0.079387 0.16213 0.025613 0.0074124 NaN 1.6951
0.91708 NaN NaN 0.98493 NaN NaN NaN NaN 0.082187 NaN NaN 0.0085027 NaN NaN
NaN 2.6711 0.6333 0.98228 1 0.51619 0.017465 NaN 0.10368 0.181 0.031721 0.0081985 NaN 1.973
0.8942 NaN NaN NaN 1 0.60794 0.01743 0.055294 NaN 0.18748 0.033957 0.0098155 0.0011793 1.8275
0.93847 NaN NaN 0.98733 1 0.53234 0.0076393 0.010621 0.07629 0.18017 0.03144 NaN 0.00072251 NaN
NaN 2.3875 NaN 0.98796 NaN 0.63833 0.0077926 0.011052 0.07304 0.1591 NaN 0.0073807 0.00084138 NaN
0.91707 2.6504 0.63359 NaN 0.99298 NaN NaN NaN 0.10121 0.18433 NaN 0.0089657 0.0014149 1.7979
NaN NaN 0.65133 NaN NaN NaN 0.015435 0.04336 0.098946 0.18338 0.032533 0.0091801 NaN 1.8033
0.91861 NaN NaN 0.94843 0.95614 NaN 0.045037 0.36915 0.041345 0.13297 0.017374 0.0070233 NaN 0.83183
0.39093 1.1025 0.73351 0.72022 NaN 0.17954 0.076072 1.0532 0.059213 NaN NaN 0.0095408 NaN 1.2042
NaN 1.1349 NaN 0.65915 NaN NaN 0.096492 1.6945 0.098618 0.21062 NaN 0.016848 0.00058101 1.5913
NaN 1.0456 0.77124 0.74413 0.77368 0.22278 NaN 1.0289 0.074488 NaN 0.031359 0.012414 0.0003469 1.3541
NaN NaN NaN 0.73454 0.66316 0.1688 0.08041 1.1768 0.10395 0.1806 NaN 0.0080165 NaN 1.9975
NaN NaN NaN 0.73496 NaN 0.14029 0.072447 0.95524 NaN 0.18451 0.032923 0.010852 NaN 1.8568
0.37522 1.1417 NaN NaN 0.58772 NaN 0.09186 1.5358 NaN 0.20861 NaN 0.013344 0.00082033 NaN
NaN 1.0849 0.75319 0.72152 NaN NaN NaN NaN 0.14122 0.2183 NaN 0.012002 NaN 2.4059
0.35344 1.0329 0.78147 0.70737 0.61579 0.13503 0.089763 1.4664 0.097663 NaN 0.041101 NaN 0.00045288 1.6935
NaN 1.1427 NaN NaN 0.47544 0.15747 0.11337 2.3394 0.050389 NaN NaN 0.00619 0.00026454 1.1526
0.47195 1.0901 NaN NaN 0.39649 0.078376 0.13227 NaN NaN 0.18782 0.034074 0.013487 NaN NaN
