NaN 1.4742 0.32396 0.98535 1 0.83592 0.0046566 NaN 0.04779 0.12795 0.016108 NaN NaN 1.1756
0.74173 1.5257 NaN 0.98152 NaN 0.79867 0.0052423 0.0050016 0.02416 NaN 0.0081195 NaN 7.4846e-05 0.69659
0.76722 NaN 0.38998 NaN 1 0.80812 0.0074573 0.010121 NaN NaN 0.0032891 0.00092068 3.7886e-05 0.44348
0.73797 1.4597 NaN 0.97566 1 NaN NaN 0.0086068 0.01595 0.065491 0.0042707 0.0011544 NaN NaN
0.82301 NaN 0.44462 0.97698 1 0.75493 NaN 0.010042 0.0079379 NaN 0.0020514 NaN 2.3504e-05 NaN
0.72997 NaN NaN NaN 1 0.84482 0.0049451 NaN NaN 0.058528 0.0034138 0.0011248 2.4798e-05 0.34068
NaN 1.7529 NaN 0.97964 0.99649 0.7677 NaN 0.0063954 0.018375 0.080587 0.0064523 0.0022713 NaN 0.53904
NaN NaN NaN 0.98512 NaN NaN 0.0050987 NaN 0.024875 0.089686 NaN NaN 0.00014676 NaN
0.83089 NaN NaN 0.9824 1 NaN 0.0060055 NaN 0.0072447 NaN 0.0016469 NaN NaN NaN
0.90631 2.3906 NaN NaN 0.99825 NaN NaN 0.012848 NaN NaN 0.0017901 NaN NaN 0.28082
NaN 1.4927 NaN 0.98296 1 0.83088 NaN 0.0056395 0.0057679 0.036511 NaN 0.00030872 3.1839e-05 0.25026
0.79606 1.6934 NaN 0.98181 NaN 0.76985 NaN 0.011071 0.013677 0.057832 NaN NaN 0.00013855 0.49751
NaN NaN NaN NaN NaN NaN 0.0055336 NaN 0.029712 NaN 0.0080153 0.0020648 0.00023883 0.91499
NaN 2.4994 0.60323 0.983 NaN 0.64916 NaN NaN 0.018887 NaN NaN NaN NaN 0.67811
0.89063 NaN NaN NaN NaN NaN 0.0028365 NaN 0.029272 0.091328 0.0082717 0.0022383 0.00020166 0.87177
0.86755 2.009 NaN 0.98691 1 NaN 0.0054439 NaN 0.030348 0.092063 0.0084044 NaN NaN 0.94545
0.91852 2.5247 NaN 0.9787 NaN NaN 0.0050494 0.0046404 0.02309 0.082029 0.0066839 NaN 0.00012452 NaN
0.88795 NaN NaN 0.97835 NaN NaN 0.0059242 0.0063874 0.032722 NaN 0.0085691 0.0021199 NaN 1.008
0.85121 NaN 0.4892 0.98622 NaN NaN NaN 0.0028733 0.020258 0.070841 NaN NaN 0.00014929 NaN
0.89084 2.2979 0.57815 NaN NaN 0.64598 NaN 0.042443 0.028461 0.086477 0.0074228 NaN NaN 0.91307
0.93062 2.8973 0.65828 NaN 1 NaN 0.0064894 0.0076645 NaN 0.072237 NaN 0.0011217 NaN NaN
NaN NaN 0.46549 NaN NaN NaN 0.0046759 0.0039793 0.062798 0.13234 0.017213 0.0044528 0.00065523 1.653
NaN 1.2099 0.36317 0.9211 0.98772 0.60555 NaN 0.10134 NaN 0.20088 0.038786 0.015895 NaN 1.5371
0.66307 1.2065 0.32559 0.94952 0.99649 0.75954 0.013388 NaN 0.021815 0.097143 NaN 0.0040284 NaN NaN
NaN 1.0991 0.33117 0.92405 NaN 0.61661 NaN 0.11877 0.054687 0.1606 0.025145 0.011672 0.00012121 1.1076
0.70668 NaN 0.38111 0.94226 0.99825 NaN NaN 0.068724 NaN 0.11502 0.013056 0.0053112 8.6352e-05 NaN
NaN 1.1435 0.3846 0.90355 NaN NaN NaN NaN NaN NaN 0.024752 0.010304 0.00018533 NaN
NaN 1.0066 NaN 0.91585 NaN 0.64029 NaN 0.086347 0.054635 0.1598 NaN 0.011106 0.00016162 1.0511
0.60803 1.0646 0.3446 NaN 0.99649 0.67517 0.031915 NaN 0.06245 0.16411 NaN NaN 0.00022964 1.2307
0.56599 1.0427 NaN NaN 0.99825 0.62068 NaN 0.19785 NaN NaN NaN 0.0046505 NaN NaN
0.68605 1.1632 NaN 0.91639 NaN 0.61136 0.030339 0.16753 0.058401 NaN NaN NaN 0.00015525 1.0815
NaN 1.084 0.32592 0.92056 0.99825 NaN NaN 0.11151 NaN NaN NaN NaN NaN 0.83221
NaN NaN 0.17272 0.96806 NaN NaN NaN NaN 0.073063 0.13718 NaN 0.0040597 0.00090977 NaN
0.62011 NaN NaN 0.96952 0.99825 0.77871 NaN 0.013637 0.04722 0.1186 NaN 0.0037549 NaN NaN
0.73429 1.5069 NaN 0.94518 1 0.62558 NaN 0.040879 0.038113 NaN NaN 0.0017773 0.00047378 1.335
0.64161 NaN NaN 0.93324 NaN 0.65487 0.017963 NaN 0.030897 0.08221 0.0067132 NaN NaN 1.2359
NaN NaN 0.28616 NaN NaN 0.77183 NaN NaN NaN 0.065575 0.0042817 0.00089749 0.00020433 NaN
NaN NaN 0.38804 NaN 0.99474 0.68188 0.012904 NaN NaN NaN NaN NaN NaN NaN
0.39289 1.1286 0.17039 0.96405 NaN 0.79407 NaN NaN 0.025409 0.078211 0.0060798 0.0015299 NaN 1.0326
NaN 1.2503 NaN 0.97337 NaN 0.82703 NaN NaN NaN 0.10941 NaN 0.0027809 0.00048839 1.5452
0.87844 NaN NaN NaN 0.83684 NaN 0.043563 0.34539 NaN 0.12554 0.015515 0.0051589 0.00022842 1.1374
NaN 1.736 0.58345 0.83383 0.91754 0.41551 NaN NaN 0.035786 0.10047 NaN 0.002759 0.00025802 1.0952
0.86545 1.8803 0.62039 NaN 0.85439 NaN 0.047 NaN NaN 0.1157 0.01321 0.0042406 0.00020084 NaN
NaN NaN 0.7298 0.81793 NaN 0.33439 0.080539 1.1805 0.048722 NaN 0.014314 0.0039983 NaN NaN
0.92676 2.222 NaN 0.82432 NaN 0.35618 0.038012 0.26298 0.059981 0.14901 0.021723 0.0075251 0.00028398 1.353
0.90944 NaN NaN 0.80873 0.85263 NaN 0.047267 0.40663 0.039446 0.10517 NaN NaN 0.00029366 NaN
0.89493 NaN 0.64925 NaN NaN NaN 0.049955 0.45418 0.041808 0.12036 0.01428 0.0048007 0.00017096 NaN
NaN 2.3898 NaN NaN NaN NaN NaN 0.28077 0.048447 0.11955 NaN 0.0037887 NaN 1.2593
0.88172 NaN NaN 0.8499 0.87368 NaN NaN NaN NaN 0.1519 NaN NaN NaN 1.3805
0.86224 NaN NaN NaN 0.89298 NaN NaN 0.46952 0.064428 NaN 0.025989 NaN 0.00023873 1.3343
0.82268 NaN 0.59909 0.84493 0.85614 NaN NaN 0.43348 0.079282 0.18571 NaN 0.013523 NaN 1.5377
0.82135 NaN 0.6025 0.84981 NaN NaN 0.056079 NaN NaN NaN 0.02594 NaN 0.00032134 1.4686
NaN 1.0544 0.72231 0.63754 0.47544 NaN 0.14864 4.0212 0.010917 NaN 0.0028534 NaN 2.9594e-05 NaN
0.50784 NaN NaN 0.73625 0.59649 NaN 0.13296 NaN 0.014816 0.067044 NaN 0.0013737 3.792e-05 NaN
0.47728 1.2115 NaN NaN 0.56667 NaN NaN NaN 0.024036 NaN 0.0064581 NaN NaN 0.90702
0.52744 1.0419 0.51662 0.77201 0.84211 NaN 0.11438 NaN NaN NaN NaN NaN NaN 0.944
0.50964 1.2067 NaN NaN NaN 0.21009 NaN 2.3093 NaN 0.080306 NaN NaN NaN 0.73274
0.63965 1.2323 0.60663 0.77037 0.62105 NaN 0.12438 NaN 0.025438 NaN NaN 0.0034208 5.1566e-05 NaN
NaN 1.2291 0.693 NaN 0.66667 0.26004 NaN NaN NaN 0.073201 0.0053299 0.0013612 0.00012452 NaN
NaN NaN 0.52998 0.81654 0.8193 0.33753 0.11547 2.4268 0.006859 0.042071 0.0017668 0.00047564 NaN NaN
0.84886 1.7011 0.5348 0.81465 0.97018 0.37276 NaN 0.22838 0.038846 NaN 0.014009 NaN 0.00010856 NaN
0.83755 NaN 0.53329 0.76697 NaN 0.27825 NaN NaN 0.023152 0.087838 0.0076564 0.0028187 5.6309e-05 NaN
0.84315 1.8134 0.54611 0.84406 NaN NaN 0.038509 0.2699 0.054653 NaN 0.020345 0.0082654 NaN NaN
0.82602 NaN 0.49244 0.8862 0.99298 NaN NaN 0.089306 0.034444 0.1012 0.010138 0.0030708 NaN NaN
0.86486 NaN 0.55606 0.87745 NaN 0.52669 NaN NaN NaN 0.092866 0.0085504 0.0031577 0.00012091 0.9961
0.84563 1.7418 0.49818 0.92748 NaN 0.62301 0.014708 0.039374 NaN NaN 0.0059959 NaN 0.00029619 1.1899
0.87163 NaN NaN 0.94868 1 NaN 0.031671 0.18255 0.049706 0.1344 0.017742 0.0066921 NaN NaN
0.86587 NaN NaN 0.97215 0.99474 0.67283 NaN NaN 0.021192 NaN 0.0054383 NaN NaN NaN
0.82373 1.6421 0.47458 NaN 0.98421 NaN NaN 0.073157 NaN NaN NaN 0.0023517 NaN NaN
NaN 1.8572 0.51931 NaN 0.97544 0.60526 NaN 0.15027 0.038283 NaN 0.013186 0.0048867 0.00012558 1.1185
0.98502 NaN NaN NaN 0.98772 NaN NaN 0.098133 NaN 0.10661 0.011238 0.0032908 0.00022206 1.0185
0.98487 6.0229 0.83628 NaN NaN 0.29509 NaN NaN 0.0303 0.097095 0.0093394 0.0027833 0.00018341 NaN
0.98853 6.628 NaN NaN NaN NaN 0.029032 NaN NaN NaN 0.010462 0.0033387 0.00013116 0.94985
NaN 5.8308 0.82878 0.96489 1 0.30777 0.014672 0.039178 0.019278 0.073118 0.0053178 0.0014657 NaN 0.66403
NaN NaN 0.83884 0.96027 0.96842 NaN 0.025004 NaN 0.021226 NaN 0.0064972 0.001957 9.1646e-05 NaN
0.98695 NaN 0.84124 NaN 1 0.29288 0.023221 0.09814 0.025859 0.089821 0.0080032 0.0024919 9.7883e-05 0.8112
0.98717 6.5173 0.84726 0.96846 1 NaN 0.022056 0.08854 NaN 0.11842 NaN NaN 0.00020215 1.098
0.98361 5.8719 NaN 0.95488 NaN 0.32134 0.040164 0.29359 0.039243 0.11622 0.013327 NaN 0.00019465 NaN
0.98643 NaN NaN 0.95274 NaN NaN 0.019421 NaN 0.028986 0.095642 NaN NaN 0.00014425 0.82529
0.986 6.1763 NaN 0.97837 NaN 0.31607 NaN 0.025208 0.051048 0.13524 NaN NaN 0.0003128 NaN
0.98824 NaN NaN NaN 0.99474 0.26951 NaN NaN NaN 0.087108 NaN 0.0023055 9.7934e-05 0.7396
0.47821 1.2059 0.34976 0.90378 NaN 0.51298 NaN NaN 0.082509 0.17347 0.029213 0.0093049 NaN 1.5956
0.53941 NaN 0.32286 0.91793 NaN 0.63545 0.034884 0.22147 0.060967 NaN 0.022362 0.0076389 NaN 1.2541
0.54833 NaN 0.31093 0.93409 NaN NaN 0.017966 NaN 0.043685 0.12505 NaN NaN 0.00042441 NaN
0.58938 1.3232 NaN 0.89009 0.98421 0.43977 0.047907 0.4177 NaN NaN 0.035592 0.0091838 0.0015424 2.1004
NaN NaN NaN NaN 0.96316 0.50892 NaN NaN 0.058284 0.15033 0.022099 0.0078269 0.00036426 1.184
0.54029 1.2759 0.36992 NaN 0.97719 0.54283 0.028138 NaN 0.051554 0.14256 0.019917 0.0074501 0.00020354 NaN
NaN NaN 0.38769 NaN NaN 0.46204 NaN 0.49979 0.067688 NaN NaN NaN NaN 1.3596
NaN 1.2195 NaN NaN 1 NaN NaN 0.032299 0.024332 NaN 0.01071 0.0047135 4.6307e-05 NaN
NaN NaN NaN 0.90161 NaN NaN 0.032181 0.18848 NaN 0.18377 0.03267 0.009529 0.00095661 NaN
0.46098 1.2199 0.32967 0.90459 NaN NaN 0.027061 0.13328 0.092156 0.18249 0.03223 NaN 0.00090962 NaN
NaN NaN 0.46455 0.87291 0.97193 NaN 0.034289 0.21399 NaN 0.10191 0.01028 0.0035859 NaN 0.76676
0.51577 1.2902 NaN 0.9208 NaN 0.62017 0.023879 0.10378 0.047501 NaN 0.014732 NaN 0.00056945 1.1232
0.59837 1.3539 0.35704 NaN 0.99825 0.64448 NaN NaN NaN NaN 0.016966 NaN 0.0003532 NaN
NaN 1.2821 NaN 0.88375 0.99649 0.49492 0.030576 NaN NaN 0.14621 0.02093 0.0063685 0.00067747 1.2659
NaN 1.1374 0.38458 NaN 0.97368 0.54595 0.047809 NaN 0.11385 0.18608 0.033467 0.0082395 NaN NaN
0.46727 1.1876 NaN 0.91542 NaN 0.57995 NaN 0.47962 0.13764 NaN 0.033899 NaN 0.0029358 2.5551
0.55362 1.2438 NaN NaN 0.97193 NaN NaN 0.39055 NaN 0.17465 0.0296 0.0094574 NaN 1.5807
0.32175 1.1782 0.32151 NaN 0.97544 NaN NaN NaN 0.076818 NaN 0.020931 NaN NaN 1.6749
0.64414 1.37 NaN 0.91457 NaN 0.44764 NaN 0.55882 0.1203 NaN 0.035373 0.0084315 NaN 2.2137
NaN NaN NaN 0.9298 0.97544 0.57879 NaN 0.52218 NaN 0.25543 0.061249 0.02381 0.00059701 2.413
NaN NaN NaN 0.94477 0.9807 0.6743 0.0494 NaN 0.096252 0.23034 0.050382 NaN 0.00026934 1.4463
0.23041 NaN NaN NaN NaN 0.6084 0.040722 0.3018 0.10957 NaN NaN 0.02418 0.00042353 NaN
NaN 1.1366 0.22905 NaN NaN NaN 0.038286 0.26678 NaN 0.22041 NaN 0.016554 0.00064766 1.9866
0.54913 1.2769 NaN 0.93889 0.99123 0.5933 NaN 0.31404 0.15188 NaN 0.06355 NaN 0.000843 2.203
0.32168 1.1127 0.27055 NaN NaN NaN 0.05426 0.53584 0.10967 NaN 0.044212 NaN 0.00061195 1.8452
0.38564 1.0471 NaN 0.95176 0.97368 0.67107 0.050832 0.47028 0.13563 0.24744 NaN 0.022 0.00086835 NaN
NaN 1.0573 0.26213 NaN 0.96667 0.59302 NaN 0.44811 NaN NaN 0.073089 NaN 0.0012501 2.6604
NaN NaN NaN NaN 0.59298 0.16867 NaN 2.2776 NaN NaN 0.0037361 0.00087861 NaN 0.6508
NaN NaN NaN 0.56623 NaN 0.15743 0.13081 NaN NaN 0.079722 NaN 0.0019123 NaN 0.71949
NaN 1.095 NaN NaN NaN 0.15396 NaN 3.4462 NaN 0.073202 0.0053299 0.00134 0.00016376 0.75496
0.38501 1.0656 0.63042 0.51223 NaN 0.13705 0.12292 2.7498 0.033373 0.098907 NaN NaN NaN 1.0015
NaN NaN NaN 0.54301 0.77368 0.20311 NaN 4.2904 NaN 0.07145 0.0050792 0.0014652 7.2478e-05 NaN
0.24465 NaN 0.60511 0.56524 0.79474 0.21788 NaN 2.854 0.037595 NaN NaN NaN NaN 0.8331
NaN 1.087 NaN 0.50961 NaN NaN 0.14082 NaN 0.028638 0.089135 NaN 0.0021177 0.00021044 0.90082
0.4042 1.0965 0.65899 0.52833 0.68421 0.1771 0.13017 3.0837 0.029057 0.096836 NaN NaN 0.0001265 0.82383
0.50692 NaN NaN NaN 0.75263 0.16792 0.13006 NaN 0.015279 0.057592 0.0033059 NaN 0.00010983 0.67289
0.47565 NaN NaN NaN 0.49649 0.14133 0.12987 3.0697 0.023977 NaN 0.0070397 NaN NaN NaN
NaN NaN NaN NaN 0.62982 0.15157 0.13674 NaN NaN 0.085792 NaN 0.0021373 NaN 0.90513
0.36462 1.0811 0.67755 0.49042 0.68772 NaN 0.1243 NaN NaN 0.11692 0.013485 NaN 0.0001769 NaN
0.52212 NaN 0.70988 NaN 0.64912 NaN 0.13192 NaN NaN 0.085964 0.0073356 NaN 0.0001485 NaN
0.38203 1.0405 NaN NaN 0.63684 NaN NaN NaN 0.027997 0.093312 0.008632 NaN 0.00012469 NaN
0.27123 NaN NaN 0.49446 0.53684 0.13088 0.12815 NaN 0.021943 0.072882 NaN 0.0013391 NaN 0.80402
0.44882 NaN NaN 0.57134 0.81053 0.16187 0.11115 NaN 0.027309 0.088889 0.0078393 NaN NaN 0.86
0.88374 NaN NaN 0.8581 NaN NaN 0.054511 NaN 0.06489 NaN 0.021032 NaN 0.00037204 1.6461
0.91579 NaN NaN 0.94977 NaN 0.4976 0.024404 0.10839 0.067044 0.1528 0.022814 0.0075708 NaN 1.6221
NaN NaN 0.50917 0.9418 0.99825 NaN 0.025524 0.11857 0.080103 0.16692 0.027107 0.0086548 NaN NaN
0.87863 NaN 0.60898 NaN 0.99123 NaN NaN 0.59119 0.076471 0.16369 0.026095 NaN NaN 1.8363
0.92876 NaN 0.66081 0.93335 0.97544 0.43699 NaN 0.38767 0.050806 NaN 0.017661 NaN 0.00017937 1.4027
0.91093 2.6184 0.63236 NaN NaN 0.51584 0.021091 0.080956 NaN 0.12676 NaN NaN 0.00031804 1.3323
0.92479 2.5638 0.62255 0.96226 NaN 0.57504 0.0097927 NaN 0.026156 0.10029 NaN 0.0040505 4.4661e-05 NaN
0.90037 NaN NaN 0.93713 NaN 0.46172 NaN NaN NaN 0.18081 NaN 0.0105 0.00050824 2.3052
0.8728 2.3151 NaN 0.90716 NaN 0.45257 0.058029 NaN 0.07597 0.17378 NaN 0.011448 NaN 1.6895
0.93377 NaN 0.66665 NaN NaN 0.43032 0.03571 0.23209 NaN 0.12917 0.016412 0.0057866 0.00016113 1.321
NaN 2.1732 0.57028 NaN 0.99825 0.45014 0.049062 0.43809 0.072246 NaN NaN 0.010288 0.0002503 1.7405
0.87259 NaN NaN NaN NaN 0.52611 0.044598 NaN 0.060388 NaN 0.019839 NaN 0.00031494 NaN
0.71763 1.5041 0.33723 0.98803 1 0.82342 0.0040421 0.0029736 0.050064 0.12542 NaN 0.0046629 0.00027091 1.3598
0.73281 1.5437 0.36231 NaN NaN 0.79359 0.0052593 0.0050342 NaN NaN NaN 0.0041563 NaN 1.2681
0.75285 NaN NaN 0.98701 0.99649 0.78037 0.004611 0.0038695 NaN 0.11723 NaN NaN 0.00028371 NaN
0.73935 1.5319 0.34987 0.98479 1 NaN 0.0078079 0.011095 NaN 0.11472 0.01299 0.0060166 NaN 0.59895
NaN 1.3612 NaN 0.98738 1 0.82125 0.0042318 NaN NaN NaN NaN 0.0066506 0.00067629 NaN
0.62033 NaN 0.26312 0.98535 NaN 0.82478 0.0049896 0.0045311 0.070042 0.14655 NaN NaN 0.00053019 1.705
NaN 1.3743 0.28162 NaN 1 0.84494 NaN 0.0053602 NaN NaN 0.007333 0.0020334 0.00012813 0.94296
NaN 1.4925 NaN NaN NaN NaN 0.0061511 NaN NaN NaN 0.028418 NaN 0.00052855 1.7782
0.70275 NaN NaN NaN 0.99825 NaN 0.0037534 0.002564 NaN 0.12613 NaN 0.004022 NaN NaN
0.69686 1.4507 0.33575 NaN 1 0.80461 0.0036582 NaN 0.038211 0.10889 0.011717 0.003581 NaN NaN
NaN NaN NaN NaN 1 0.81091 NaN 0.0085907 0.068206 0.13895 NaN NaN 0.00062422 NaN
0.67362 NaN 0.30608 0.98301 NaN NaN NaN 0.013973 NaN 0.17804 0.030726 NaN 0.0016787 2.5094
0.64314 NaN 0.28063 0.98631 0.99825 0.81381 0.0052732 NaN 0.058531 NaN NaN NaN NaN 1.5136
0.91298 2.455 0.61097 NaN NaN NaN NaN NaN 0.090447 0.1871 NaN 0.0115 0.000564 1.6879
0.9136 2.5213 0.61341 NaN 1 0.56248 0.0078474 NaN 0.068427 0.14325 NaN 0.0055763 0.00057194 1.7187
NaN 2.457 NaN 0.97034 0.97544 0.5645 NaN NaN NaN 0.18786 0.034088 0.011708 NaN NaN
0.91378 2.4132 NaN NaN 0.99649 0.56153 0.0091377 NaN 0.10604 0.20316 0.039637 NaN 0.00072984 NaN
NaN NaN NaN 0.97407 0.99825 0.6792 0.0068392 NaN NaN NaN 0.018816 NaN NaN 1.014
NaN NaN 0.62315 NaN 1 0.51041 NaN 0.020775 NaN 0.13678 NaN 0.0048636 0.00052757 1.6875
0.93802 NaN 0.65774 NaN NaN 0.58194 NaN 0.0082485 0.052218 NaN NaN 0.0057374 0.00030246 1.2161
0.94058 NaN 0.69248 NaN NaN 0.42979 NaN NaN NaN 0.1076 0.011445 0.0032156 0.00024816 NaN
NaN 2.2534 NaN 0.96488 NaN NaN 0.0081422 0.012066 NaN NaN NaN 0.0078553 0.00031192 NaN
0.89507 2.2045 0.55605 NaN 0.99649 0.64214 0.0053433 0.0051962 0.102 0.19598 0.036988 NaN 0.00048437 2.0484
NaN 2.1 NaN NaN NaN NaN 0.0073021 0.0097043 0.10152 0.19717 0.03742 NaN NaN NaN
0.90831 2.4038 NaN 0.97688 NaN 0.59259 NaN NaN 0.063688 NaN NaN 0.0067017 0.00032702 1.5332
0.4132 NaN 0.48465 NaN NaN 0.30478 NaN 1.1859 NaN 0.12619 0.015674 NaN NaN 1.489
0.56324 NaN 0.474 0.77564 0.93333 NaN 0.069404 NaN 0.10401 NaN NaN NaN 0.00074739 2.4883
0.48967 NaN 0.46175 0.80214 0.9 0.31034 NaN NaN 0.10125 NaN 0.031133 0.010102 NaN 2.4808
NaN NaN 0.51739 NaN NaN 0.23802 0.077022 NaN 0.10994 NaN NaN 0.0088846 NaN 2.6613
0.53622 NaN NaN NaN NaN 0.38426 NaN 0.95013 0.042992 0.12337 NaN 0.0056501 0.00013103 1.2646
0.37902 1.0738 NaN NaN NaN NaN 0.065312 0.77635 0.067161 0.14275 NaN 0.0059582 0.00040634 NaN
0.53693 1.0751 0.55667 0.74395 NaN NaN NaN 1.1729 0.091322 0.16265 NaN NaN NaN NaN
0.51153 NaN 0.47053 0.77952 0.90702 0.28838 0.076992 1.0789 0.084711 NaN 0.028776 0.0099656 0.00039644 2.0412
0.44271 NaN 0.49548 NaN 0.87018 NaN 0.079481 NaN NaN 0.1726 NaN NaN NaN 2.389
0.30574 1.1176 0.58847 0.66502 0.84737 0.24074 0.10064 NaN 0.074621 0.14273 0.019966 0.0054026 NaN 2.1403
0.92522 NaN 0.63571 0.92994 NaN 0.505 NaN 0.30158 NaN NaN 0.023734 0.0096617 0.00030237 NaN
NaN 2.3423 NaN NaN 0.97368 0.55537 0.023542 NaN 0.045897 0.13433 NaN NaN 0.00024528 NaN
0.91885 NaN 0.62859 NaN 0.99123 NaN NaN 0.07339 0.054145 0.1674 NaN 0.013322 0.00016644 0.8989
NaN 2.3863 0.59051 NaN NaN 0.5136 NaN 0.43581 0.062886 0.17454 NaN NaN 0.00026357 1.0734
0.9456 3.1174 0.70912 0.79489 0.89298 0.33915 NaN 3.2956 0.052685 NaN 0.021648 NaN NaN 1.0503
0.91747 2.7054 0.64091 0.87687 0.98947 NaN NaN NaN 0.042216 NaN 0.014424 NaN 0.0003061 1.0097
0.86049 2.0997 NaN 0.9358 NaN 0.5343 NaN 0.21032 0.040254 0.13592 0.01814 NaN NaN NaN
0.89808 NaN NaN NaN NaN 0.51229 0.029398 0.15729 0.044185 NaN 0.0234 NaN NaN 0.78887
0.86988 2.1277 0.53926 NaN NaN 0.64927 0.027899 0.14166 0.026849 NaN NaN 0.0032376 0.00010402 0.7271
NaN NaN NaN NaN 0.98947 0.55141 0.028749 0.15043 0.031023 NaN NaN NaN NaN NaN
0.96652 NaN 0.74273 NaN 0.94737 0.32925 NaN NaN NaN NaN 0.010193 NaN NaN NaN
0.93396 2.9367 0.66689 0.92543 NaN 0.45676 0.030052 NaN 0.015159 0.071198 0.0050436 NaN NaN NaN
0.61823 NaN NaN 0.94147 NaN NaN 0.024255 NaN 0.017543 NaN NaN 0.0051286 1.2841e-05 0.37324
NaN NaN 0.34897 NaN 0.97368 0.60176 0.025375 0.11719 0.012906 0.070197 0.0049035 NaN NaN NaN
0.62404 1.1599 0.47899 NaN 0.85088 0.45154 0.097205 1.7197 NaN 0.076408 0.0058043 NaN 2.5646e-05 0.36029
0.48229 1.1574 0.42617 0.91741 0.92456 0.46699 NaN NaN 0.026522 NaN 0.010904 0.0044681 6.7833e-05 0.63468
0.5684 NaN 0.48001 0.91247 0.79474 0.3885 0.089162 1.4469 NaN 0.10182 0.010261 0.0037888 0.00010673 NaN
NaN 1.2441 NaN NaN NaN 0.47758 NaN 1.5603 0.02034 0.091645 NaN 0.0033696 4.9071e-05 0.49195
0.58637 NaN 0.30339 NaN 0.92105 0.57323 0.041282 NaN NaN NaN NaN NaN NaN 0.54481
NaN 1.1084 0.25071 0.93529 NaN NaN NaN NaN 0.013493 0.073509 0.0053745 0.0021246 NaN NaN
0.6018 1.2254 NaN 0.94269 0.95263 NaN NaN 0.62999 0.016202 0.074883 0.0055761 0.0018797 7.1264e-05 NaN
NaN 1.202 NaN 0.89373 0.86842 NaN 0.077616 1.0964 0.022403 NaN NaN NaN 3.1292e-05 NaN
NaN 1.2354 0.44987 0.90929 NaN 0.57594 0.070699 0.9097 0.0093349 0.0592 NaN 0.0013047 NaN NaN
0.64604 1.4683 0.35457 0.9588 0.99123 0.70641 NaN NaN 0.059026 0.12721 NaN 0.0037362 0.0012496 1.3596
0.55457 NaN NaN 0.97441 0.99825 0.7824 NaN 0.026483 0.020129 0.076722 NaN NaN NaN NaN
0.4443 1.2035 0.19432 0.98319 NaN NaN 0.010317 0.019373 NaN 0.10265 0.010427 NaN NaN 0.73255
0.6368 NaN NaN 0.9747 0.99825 0.78457 0.013385 0.032608 0.028272 NaN 0.0070888 NaN NaN 0.913
0.64168 1.4853 0.3362 0.95562 NaN 0.72952 0.017439 0.05535 0.02413 NaN 0.0055403 0.001194 0.00031921 0.82279
NaN 1.343 NaN 0.95055 NaN 0.71499 0.026876 0.13146 0.068134 0.13204 0.017136 0.0036798 0.0014697 1.6315
0.44567 NaN NaN 0.97104 NaN 0.80094 NaN NaN 0.020632 0.074115 0.0054631 0.0013865 0.00016174 0.66423
0.67925 NaN 0.33465 0.97307 0.98246 NaN 0.012399 NaN 0.0075996 NaN 0.0019439 NaN 3.6857e-05 NaN
0.11708 1.0944 0.1745 NaN 1 0.81957 NaN NaN NaN NaN 0.0075278 0.001568 0.0006066 1.0292
0.53283 1.3078 0.25925 0.96727 1 NaN 0.017745 0.057312 0.05341 NaN NaN NaN 0.0012358 1.1886
0.52828 1.2496 0.2238 NaN NaN 0.82495 0.010372 NaN NaN 0.10274 0.010444 0.0019794 NaN NaN
0.35236 1.146 NaN 0.96876 NaN NaN 0.017729 0.057204 0.033249 NaN NaN 0.002653 NaN NaN
0.64897 1.4597 NaN 0.97406 NaN NaN NaN NaN 0.012025 0.050266 0.0025203 0.00051116 0.00013299 NaN
NaN NaN 0.43475 0.91337 0.98596 0.60738 0.046324 0.39055 NaN 0.18471 NaN 0.0097255 0.001043 1.8296
0.71573 1.3808 NaN NaN 0.99123 0.68138 0.025077 0.11445 0.10429 NaN 0.051004 0.023571 NaN 1.5025
0.81957 NaN 0.49513 NaN 0.98421 NaN 0.045977 NaN 0.097894 0.20665 0.040954 NaN NaN NaN
0.83029 1.633 NaN 0.92597 NaN NaN NaN 0.37399 NaN 0.2648 0.065523 NaN NaN NaN
0.75259 1.5852 0.41155 0.91036 0.99298 NaN NaN NaN 0.12959 NaN NaN 0.026003 NaN NaN
0.7831 NaN 0.42639 0.94648 NaN NaN NaN NaN NaN 0.24469 NaN 0.023259 NaN 1.8504
NaN 1.6027 0.44995 NaN 0.95614 0.62781 NaN 0.67072 NaN NaN 0.059803 0.025228 0.0009264 1.7489
0.83094 1.6643 NaN 0.96016 NaN NaN 0.023841 0.10345 0.12266 NaN 0.057789 NaN NaN 1.7001
NaN NaN 0.43032 0.95417 1 0.71101 0.026783 NaN 0.12808 NaN NaN 0.013032 0.0010116 NaN
0.73365 1.5028 0.34887 0.9828 NaN NaN 0.0053647 0.005238 NaN NaN NaN NaN 9.1642e-05 0.88407
0.82775 1.842 0.48769 0.97383 NaN NaN 0.01619 NaN 0.022041 0.087963 NaN 0.0029651 6.8766e-05 0.68174
0.55626 1.2516 NaN NaN 1 NaN NaN NaN NaN NaN 0.031157 NaN 8.4502e-05 0.98858
0.29901 1.0375 0.10761 0.98386 1 0.84936 NaN 0.023912 0.032883 0.096034 NaN 0.0025695 0.00018734 1.0837
0.48223 1.1577 NaN NaN 1 NaN NaN 0.0143 0.037174 NaN 0.012794 0.0044407 0.00014852 NaN
0.5895 1.2708 0.24364 0.98173 NaN 0.82082 0.0074388 0.010071 NaN 0.11576 0.013223 NaN NaN NaN
NaN 1.0698 NaN NaN NaN 0.81953 0.012913 NaN NaN 0.18383 0.03269 0.014159 0.00026309 1.4955
0.482 NaN 0.15235 0.98536 1 NaN NaN 0.009487 0.021863 NaN NaN NaN 0.00013143 0.69178
NaN 2.0754 0.55373 0.96281 0.98421 NaN 0.019656 NaN NaN NaN NaN 0.0038499 0.00021407 1.0693
0.58138 NaN NaN 0.98704 NaN 0.83511 NaN NaN 0.04072 NaN NaN 0.0036743 0.00033322 1.0368
0.40974 1.0732 0.14538 NaN 1 0.8407 NaN NaN 0.04953 NaN NaN NaN 0.00010258 1.1781
0.82556 NaN 0.47477 0.97153 1 0.70462 0.019154 0.066774 NaN 0.10427 0.010756 0.0045965 4.4538e-05 0.67306
0.60267 1.254 NaN NaN 1 0.80193 NaN 0.012944 0.017777 0.061786 NaN 0.00091963 NaN 0.85839
0.66906 1.2751 0.30877 0.9877 NaN 0.85816 NaN NaN 0.031488 NaN NaN 0.0025337 NaN 1.0378
NaN NaN NaN 0.98956 1 NaN 0.0086131 0.013502 NaN 0.10399 0.010699 0.0035528 NaN 1.0284
0.72719 NaN NaN NaN NaN NaN 0.0029668 0.0016019 NaN 0.081903 NaN NaN NaN 0.9805
0.79923 1.6549 NaN NaN NaN NaN NaN 0.0043641 NaN NaN 0.0082145 NaN NaN NaN
0.81354 1.6924 0.41016 NaN 1 0.78909 0.0046348 NaN 0.031342 NaN NaN 0.0028704 0.00017007 NaN
0.8561 NaN 0.49654 0.98047 1 NaN NaN 0.015501 0.047961 0.1039 NaN NaN 0.00080703 1.6203
NaN 1.5763 0.38954 0.98731 NaN 0.82323 NaN NaN NaN 0.098208 NaN NaN 0.00023404 1.1433
0.8031 1.652 NaN NaN 1 NaN NaN NaN 0.046764 0.10227 0.010352 0.0021515 0.00074063 1.5053
0.79389 1.5303 0.42937 0.96802 0.99649 0.79209 0.016566 0.049949 NaN NaN NaN NaN 0.00034846 1.42
NaN NaN NaN NaN 1 NaN NaN 0.0048816 0.017792 0.074392 0.0055037 NaN 5.245e-05 0.62317
0.946 3.3475 0.7081 0.96212 NaN NaN NaN 0.22851 0.054986 0.13106 NaN 0.0047646 0.00051238 1.3088
0.93038 2.8852 NaN 0.95738 1 NaN NaN 0.13377 0.050703 NaN 0.014972 NaN NaN NaN
NaN NaN NaN 0.96381 1 NaN 0.019083 NaN 0.10351 0.19882 0.038028 NaN NaN 1.9702
0.87202 2.1536 NaN 0.9788 1 0.65619 0.020327 NaN NaN 0.18726 0.033878 0.013211 0.00036142 1.4606
0.91328 2.5654 0.61185 0.98179 1 NaN 0.006726 NaN NaN NaN NaN 0.012245 NaN NaN
0.91996 2.6668 0.63083 NaN 1 0.58002 0.010311 0.019349 0.1125 NaN NaN 0.011205 0.00078875 NaN
0.91677 2.6955 0.62998 0.98275 NaN 0.59459 0.0049218 NaN 0.10467 NaN 0.033997 0.0096762 0.00085264 NaN
0.91397 2.7289 NaN 0.96685 0.99298 NaN 0.022351 0.090925 0.068514 NaN 0.022728 0.0070313 NaN 1.5681
NaN 2.2436 0.56314 NaN NaN 0.65133 NaN 0.018915 0.14482 NaN NaN 0.013423 0.0012638 2.4685
NaN 2.9198 0.65845 0.96861 0.99825 0.52299 0.011587 0.024437 0.064788 0.16842 NaN 0.01122 0.00024357 NaN
0.86832 2.141 0.54004 0.98483 NaN 0.69313 NaN NaN NaN 0.2052 0.040405 NaN 0.0010933 NaN
NaN 3.222 0.69174 0.95791 1 0.48142 NaN 0.093403 0.075307 0.17561 NaN 0.011062 0.00039957 1.4215
NaN NaN 0.4905 0.968 0.98246 0.65138 0.016224 NaN 0.0051195 NaN 0.0012673 0.0003224 1.1238e-05 NaN
NaN 2.0014 0.50157 0.9557 0.99649 0.67019 0.028422 NaN 0.0092534 NaN NaN NaN 4.0071e-05 0.32567
0.84579 NaN NaN 0.96585 NaN 0.65149 NaN 0.07266 0.0050343 0.036189 NaN 0.00035119 NaN 0.22547
NaN 1.6378 0.3892 0.9666 NaN 0.74844 NaN 0.11404 NaN 0.045391 0.0020561 NaN 2.9454e-05 NaN
NaN 1.8903 NaN 0.96435 0.99825 0.661 NaN 0.10341 NaN 0.037634 NaN 0.00036897 NaN NaN
NaN NaN 0.47622 0.96505 NaN 0.69746 0.025026 NaN NaN 0.033415 NaN 0.00022942 3.7442e-05 0.29502
0.84501 2.0918 NaN NaN NaN 0.6071 0.039781 NaN 0.0081002 0.044849 0.0020074 NaN NaN 0.34316
0.8187 NaN 0.47835 0.94904 0.99298 0.58585 NaN 0.26364 NaN NaN 0.0011564 0.00029213 NaN 0.26037
0.78965 1.8186 0.45353 NaN 1 0.63343 NaN 0.16787 0.008049 0.04345 0.0018843 NaN NaN NaN
0.80728 NaN 0.46197 0.95012 NaN NaN NaN NaN NaN NaN 0.0035984 NaN 1.6802e-05 0.27688
NaN NaN NaN 0.93066 0.99298 0.58011 NaN 0.34894 NaN 0.061975 0.0038262 0.0014329 1.8914e-05 0.28509
NaN 2.06 NaN 0.968 0.98421 0.60909 NaN 0.11791 0.0079224 0.044948 0.0020163 0.00051981 NaN 0.32598
0.50924 1.2166 0.27943 0.93462 NaN 0.4092 0.016089 0.047113 NaN 0.17131 NaN 0.006963 NaN 1.851
0.52914 NaN NaN 0.93945 NaN 0.51693 NaN 0.065765 0.14675 NaN 0.037876 NaN 0.0023476 NaN
NaN 1.1011 0.20617 NaN NaN 0.53189 0.012818 0.029901 0.14279 NaN 0.04047 NaN 0.0018094 NaN
NaN NaN NaN NaN NaN NaN NaN 0.041582 0.059148 0.13996 0.019211 0.0057336 NaN NaN
0.35141 1.1428 0.24265 0.93638 0.99123 NaN 0.019721 0.070781 0.1074 NaN 0.034115 0.0089893 0.0015026 1.9019
NaN NaN NaN 0.94544 0.99825 0.52139 NaN NaN 0.066259 0.14818 0.021485 NaN 0.00073522 1.3669
0.19287 1.0551 NaN 0.93641 NaN 0.47284 0.019693 NaN NaN NaN NaN NaN 0.00044001 NaN
0.49634 1.1832 NaN 0.94687 NaN 0.58613 0.017327 NaN NaN NaN NaN 0.0051731 NaN 1.1489
0.33254 NaN 0.27473 0.93625 0.99474 0.49836 0.024394 0.1083 0.10809 0.16882 NaN NaN 0.0012335 NaN
0.39606 1.1647 0.29415 NaN 0.99298 NaN NaN NaN 0.051625 NaN NaN 0.003721 0.00038216 NaN
NaN 1.1928 0.30567 0.93428 NaN 0.50688 NaN 0.079866 0.057408 NaN 0.015404 0.003903 0.00045984 1.6497
NaN 1.1629 NaN NaN 0.99298 0.63919 NaN 0.074844 NaN NaN 0.0090841 NaN NaN 0.78535
0.99541 9.4912 NaN NaN NaN NaN NaN 1.227 0.012512 0.060688 0.0036695 NaN 5.216e-05 NaN
0.99611 11.006 0.92239 0.86962 NaN 0.14581 0.064792 NaN 0.011176 0.057808 0.0033307 0.00098398 3.9298e-05 NaN
0.99767 12.009 NaN 0.67005 0.94386 NaN 0.19898 7.2062 0.010215 0.051104 0.0026048 NaN 4.5324e-05 0.39905
NaN 9.7351 0.90444 0.93346 NaN NaN 0.020897 0.079479 NaN 0.075247 NaN NaN 4.441e-05 NaN
NaN NaN NaN 0.93876 0.96842 0.16105 0.026941 NaN NaN 0.057812 0.0033311 NaN NaN 0.3101
0.99698 10.913 0.93836 0.70085 0.93684 NaN NaN 4.2796 NaN NaN 0.0030851 0.00089618 3.6128e-05 0.37415
0.99551 9.6915 0.91233 NaN NaN NaN 0.049695 NaN 0.013721 NaN 0.0045556 0.0015063 4.4371e-05 0.41054
0.99502 NaN 0.92789 0.68687 0.86842 0.14478 0.18853 6.4689 NaN 0.068973 NaN NaN 3.4802e-05 NaN
NaN NaN NaN 0.69234 0.90702 NaN 0.17918 5.8432 NaN 0.044172 0.0019474 0.00070285 NaN 0.1694
0.99593 10.12 NaN NaN 0.90702 0.15053 NaN NaN 0.0082902 0.052333 NaN 0.00090459 1.5362e-05 NaN
0.99422 9.1985 0.91119 0.8375 0.98421 0.17712 0.055414 0.55887 0.016168 0.079996 NaN 0.0024534 5.5348e-05 0.38686
0.86224 NaN 0.52269 0.98686 0.99474 0.70529 0.010097 0.018554 NaN 0.12163 0.014579 0.0048689 NaN 0.9458
0.87024 2.1094 0.52863 NaN 0.99298 NaN 0.0031737 NaN NaN NaN 0.0082832 0.0024385 0.00016093 NaN
0.86248 2.0398 NaN 0.98831 1 0.71419 0.0057488 0.0060148 0.052681 0.13941 NaN NaN 0.00045928 1.0667
NaN 2.3455 NaN 0.98504 NaN NaN NaN 0.0035306 0.022443 0.077826 0.0060204 0.0015394 0.00021043 NaN
0.88566 2.2029 NaN 0.98635 1 0.59039 NaN 0.0025732 0.039469 0.12459 0.015285 NaN NaN NaN
NaN 2.147 NaN 0.98989 1 0.71926 0.0031646 0.0018226 0.044894 NaN 0.016385 NaN NaN 0.96576
NaN 2.2398 NaN 0.97997 0.99825 NaN NaN 0.015166 0.025658 0.087206 NaN 0.0021518 0.00017873 NaN
0.88661 2.2553 0.56472 0.98284 NaN NaN NaN 0.026749 NaN NaN 0.0069433 NaN 0.00016304 0.60779
0.83188 NaN 0.46807 0.98691 1 0.75011 0.0049353 0.0044331 0.034814 NaN 0.011672 NaN NaN 0.80348
0.85278 1.9935 0.50107 0.98449 NaN NaN 0.0068277 0.0084843 0.015559 NaN NaN 0.0015733 NaN 0.44798
0.78676 1.6815 NaN 0.97686 0.99825 0.7686 0.013524 0.033289 NaN NaN 0.0057932 NaN 7.0661e-05 NaN
NaN NaN NaN 0.97906 NaN NaN 0.0070445 0.0090318 0.067277 NaN 0.024383 0.0079843 0.00066857 NaN
0.60555 NaN 0.29569 NaN 1 0.73603 0.010821 NaN NaN 0.20829 0.04158 NaN 0.0020084 NaN
NaN 1.7056 0.42041 0.98477 NaN NaN 0.0074486 0.010098 0.064127 NaN NaN 0.0061549 NaN NaN
0.75535 NaN 0.4065 0.97627 1 0.75126 0.0098445 NaN 0.020477 0.09052 0.0081274 NaN 0.00012137 NaN
NaN 1.4542 0.32457 NaN NaN NaN NaN NaN NaN NaN 0.026666 0.0079652 0.00077178 1.5438
0.81992 1.8698 NaN 0.97829 0.99825 0.65353 0.0074141 0.010004 0.06789 0.142 NaN NaN 0.00096699 1.4857
0.68878 NaN 0.32986 0.98318 1 NaN 0.0070802 NaN 0.083675 0.17243 0.028872 0.008786 NaN 1.5313
0.72174 NaN 0.35707 NaN 0.99649 NaN 0.013545 NaN 0.040677 NaN NaN 0.0038198 0.00036093 NaN
0.73067 1.5145 0.34921 0.98686 1 0.81119 0.017693 NaN NaN 0.16841 NaN 0.0081927 NaN NaN
NaN NaN NaN 0.9799 NaN 0.80081 0.0082573 NaN 0.10567 NaN 0.033093 NaN 0.0013911 NaN
0.71999 NaN NaN 0.97599 0.99825 0.77145 0.013975 0.035546 0.11997 NaN NaN 0.0086099 0.001837 2.1311
0.99571 10.352 0.90609 NaN NaN 0.16732 0.025787 NaN NaN 0.089455 0.0079387 0.0028882 6.9318e-05 0.73774
NaN 9.9653 0.90578 0.91515 NaN 0.17113 0.023896 0.10392 0.020381 0.082596 NaN 0.0024074 5.0484e-05 0.67264
NaN 11.361 0.914 0.91815 0.93684 NaN 0.019976 0.072629 NaN 0.085514 NaN NaN NaN NaN
NaN NaN NaN NaN NaN NaN NaN 0.23384 0.012341 0.066682 0.0044268 NaN 1.7724e-05 NaN
NaN NaN NaN NaN 0.95789 0.12132 0.032164 NaN NaN 0.054827 0.002997 0.00086356 NaN NaN
NaN 10.377 0.90564 NaN NaN 0.17941 NaN 0.050433 NaN 0.071662 0.0051092 0.0012661 0.00017021 NaN
NaN 10.736 0.90851 0.92586 0.99649 NaN 0.028571 0.14856 0.017761 NaN 0.0048222 NaN NaN NaN
NaN 10.421 0.90385 NaN 0.98947 0.20051 NaN NaN NaN NaN 0.0064203 0.0019168 9.5565e-05 0.66405
0.9953 NaN 0.90598 0.88866 0.95789 0.15967 0.025636 0.11961 0.014782 0.065416 NaN 0.0012831 6.4365e-05 NaN
NaN NaN NaN NaN NaN 0.16244 0.033129 NaN 0.017258 NaN 0.004966 NaN 7.1555e-05 0.59946
0.99871 19.038 0.94834 0.851 NaN NaN 0.073048 NaN 0.0078165 NaN 0.0023072 NaN NaN 0.34029
0.9109 2.5488 0.6106 0.97388 NaN 0.55818 0.01972 NaN 0.10132 NaN 0.028158 0.0074614 NaN NaN
0.90391 2.458 0.5977 0.9861 1 NaN 0.0067013 0.0081731 NaN 0.16706 0.027151 NaN NaN 1.8937
NaN 2.582 0.62394 0.96837 NaN NaN NaN 0.18305 NaN NaN 0.025613 0.0074124 0.00069878 NaN
0.91708 2.6498 0.62919 0.98493 NaN NaN NaN 0.0084289 0.082187 0.16877 NaN 0.0085027 NaN NaN
0.9166 2.6711 NaN 0.98228 NaN 0.51619 0.017465 NaN 0.10368 NaN NaN NaN 0.0014211 1.973
0.8942 2.4203 0.59323 NaN 1 0.60794 NaN NaN NaN NaN 0.033957 0.0098155 NaN NaN
NaN 3.0198 NaN NaN 1 NaN 0.0076393 0.010621 0.07629 NaN 0.03144 0.011932 0.00072251 1.2434
NaN NaN 0.581 0.98796 1 NaN 0.0077926 0.011052 0.07304 0.1591 0.024688 NaN NaN NaN
0.91707 NaN NaN 0.96002 0.99298 NaN 0.012062 NaN NaN 0.18433 NaN 0.0089657 0.0014149 NaN
NaN NaN NaN NaN 1 NaN NaN 0.04336 NaN 0.18338 0.032533 0.0091801 NaN 1.8033
0.91861 2.8114 0.64707 NaN 0.95614 0.51186 0.045037 NaN 0.041345 NaN 0.017374 0.0070233 0.00018923 0.83183
0.39093 NaN NaN 0.72022 0.69474 0.17954 NaN 1.0532 0.059213 0.15747 0.024197 0.0095408 NaN 1.2042
0.47124 1.1349 NaN NaN 0.47368 NaN 0.096492 NaN 0.098618 NaN 0.042478 NaN 0.00058101 1.5913
NaN NaN 0.77124 0.74413 0.77368 0.22278 NaN 1.0289 NaN NaN 0.031359 NaN 0.0003469 1.3541
0.14986 NaN 0.77733 NaN NaN NaN NaN NaN 0.10395 0.1806 0.031585 0.0080165 NaN NaN
0.68069 1.1866 0.78745 NaN 0.6 0.14029 NaN NaN NaN 0.18451 0.032923 NaN 0.00059383 1.8568
NaN NaN 0.81725 0.68511 0.58772 0.12523 NaN NaN NaN 0.20861 NaN 0.013344 NaN NaN
0.28064 NaN 0.75319 NaN NaN NaN NaN 1.1358 0.14122 0.2183 NaN 0.012002 0.0015154 NaN
0.35344 1.0329 0.78147 0.70737 0.61579 0.13503 NaN 1.4664 0.097663 0.20703 0.041101 0.016123 NaN 1.6935
0.59988 NaN 0.71532 NaN NaN 0.15747 0.11337 2.3394 NaN 0.13585 0.018121 NaN 0.00026454 NaN
NaN 1.0901 0.85409 0.53598 0.39649 NaN NaN NaN 0.082007 NaN 0.034074 0.013487 0.00032855 NaN
