NaN NaN 0.32396 0.98535 NaN 0.83592 0.0046566 NaN 0.04779 0.12795 0.016108 0.0052323 NaN 1.1756
NaN 1.5257 NaN 0.98152 0.99825 0.79867 0.0052423 0.0050016 NaN 0.090476 0.0081195 0.002708 NaN NaN
0.76722 1.5725 NaN 0.97755 NaN NaN NaN NaN NaN NaN 0.0032891 0.00092068 3.7886e-05 0.44348
0.73797 NaN 0.35376 NaN NaN NaN 0.0068768 NaN NaN 0.065491 NaN 0.0011544 6.6272e-05 0.58785
0.82301 1.7707 0.44462 NaN 1 NaN NaN NaN NaN 0.045339 0.0020514 0.00055986 2.3504e-05 0.34214
0.72997 1.4892 0.34284 0.98755 1 0.84482 NaN 0.0044506 0.010487 NaN 0.0034138 0.0011248 NaN 0.34068
NaN 1.7529 0.44458 0.97964 NaN 0.7677 NaN 0.0063954 NaN 0.080587 0.0064523 NaN NaN 0.53904
0.77982 1.6215 0.39222 0.98512 NaN NaN 0.0050987 0.0047314 NaN 0.089686 0.0079794 NaN NaN 0.66975
NaN 1.8199 NaN 0.9824 1 0.77106 0.0060055 0.006564 NaN NaN 0.0016469 NaN 3.2863e-05 NaN
NaN 2.3906 0.58336 NaN 0.99825 0.66419 NaN 0.012848 0.0070096 0.042347 0.0017901 NaN NaN 0.28082
0.7459 NaN 0.34116 NaN 1 NaN 0.0055665 0.0056395 0.0057679 0.036511 NaN 0.00030872 3.1839e-05 0.25026
0.79606 1.6934 NaN NaN 1 0.76985 0.0077992 0.011071 0.013677 0.057832 0.0033334 0.00081648 0.00013855 NaN
0.93361 NaN 0.64257 0.98346 NaN NaN 0.0055336 NaN NaN NaN 0.0080153 NaN 0.00023883 0.91499
NaN NaN NaN NaN NaN NaN NaN 0.0068823 0.018887 0.072486 0.0052267 0.0014887 8.3271e-05 0.67811
0.89063 NaN 0.56667 NaN 1 NaN NaN NaN NaN 0.091328 NaN 0.0022383 0.00020166 0.87177
0.86755 2.009 NaN NaN 1 0.70277 NaN NaN 0.030348 NaN 0.0084044 0.0022541 0.00019854 0.94545
NaN 2.5247 NaN NaN 1 NaN 0.0050494 0.0046404 NaN NaN NaN NaN 0.00012452 NaN
0.88795 2.2038 NaN 0.97835 0.99825 NaN 0.0059242 NaN 0.032722 NaN 0.0085691 NaN NaN 1.008
0.85121 1.9548 0.4892 NaN 1 0.70267 0.0039733 0.0028733 NaN 0.070841 NaN NaN 0.00014929 0.74174
0.89084 NaN 0.57815 0.97389 1 0.64598 0.015271 NaN 0.028461 NaN 0.0074228 0.0018832 NaN 0.91307
NaN 2.8973 NaN 0.98182 1 NaN 0.0064894 0.0076645 0.023606 NaN 0.005191 NaN NaN 0.90513
0.84113 NaN NaN 0.99039 1 NaN 0.0046759 0.0039793 0.062798 0.13234 0.017213 0.0044528 0.00065523 1.653
0.70273 1.2099 0.36317 NaN NaN 0.60555 0.023597 NaN NaN NaN 0.038786 NaN 0.0004049 NaN
NaN 1.2065 0.32559 NaN NaN 0.75954 0.013388 NaN 0.021815 NaN NaN 0.0040284 3.6303e-05 0.5341
NaN 1.0991 0.33117 NaN 0.98421 0.61661 NaN 0.11877 NaN 0.1606 NaN 0.011672 0.00012121 NaN
NaN 1.251 0.38111 NaN NaN 0.6925 0.019432 0.068724 0.031587 0.11502 NaN NaN NaN 0.72247
NaN 1.1435 NaN 0.90355 NaN 0.60571 0.028329 0.14606 0.057506 0.15931 0.024752 NaN 0.00018533 NaN
0.50139 NaN 0.29593 0.91585 NaN 0.64029 0.021782 0.086347 NaN 0.1598 0.024899 NaN 0.00016162 1.0511
0.60803 NaN 0.3446 0.90487 NaN 0.67517 NaN NaN 0.06245 NaN 0.026225 NaN NaN NaN
0.56599 1.0427 0.35318 NaN 0.99825 0.62068 0.032971 0.19785 0.026348 0.10589 NaN 0.0046505 5.2046e-05 0.62671
NaN 1.1632 0.37528 0.91639 0.99825 NaN NaN NaN 0.058401 NaN NaN 0.012886 NaN 1.0815
0.59571 1.084 NaN 0.92056 0.99825 0.65698 0.024753 0.11151 0.042051 NaN 0.021213 0.010881 NaN 0.83221
0.39432 NaN NaN NaN 0.99298 0.73417 0.012499 0.028432 NaN 0.13718 NaN 0.0040597 NaN 1.8893
NaN 1.3298 NaN 0.96952 0.99825 0.77871 NaN 0.013637 0.04722 NaN NaN 0.0037549 NaN 1.2024
NaN 1.5069 NaN 0.94518 NaN 0.62558 NaN NaN 0.038113 0.092188 0.0084269 0.0017773 0.00047378 NaN
NaN NaN NaN 0.93324 NaN NaN 0.017963 NaN 0.030897 NaN NaN NaN 0.00029878 1.2359
0.64056 1.3166 NaN NaN NaN 0.77183 NaN NaN NaN NaN 0.0042817 0.00089749 0.00020433 0.86218
NaN NaN 0.38804 0.95593 0.99474 0.68188 NaN NaN NaN NaN 0.0041101 NaN NaN NaN
0.39289 1.1286 0.17039 0.96405 1 0.79407 NaN 0.025176 NaN NaN NaN 0.0015299 0.00015762 1.0326
NaN 1.2503 NaN 0.97337 1 0.82703 0.0066263 0.0079913 NaN 0.10941 NaN 0.0027809 0.00048839 1.5452
0.87844 NaN 0.63151 0.83923 0.83684 0.37688 0.043563 0.34539 0.045468 0.12554 0.015515 0.0051589 NaN 1.1374
0.88075 NaN NaN 0.83383 NaN 0.41551 0.040582 NaN NaN NaN NaN NaN 0.00025802 NaN
0.86545 1.8803 0.62039 NaN NaN NaN 0.047 0.40204 0.039518 NaN 0.01321 0.0042406 0.00020084 1.0136
0.93671 2.4151 NaN NaN 0.86491 NaN 0.080539 1.1805 0.048722 0.12051 NaN 0.0039983 NaN NaN
0.92676 2.222 0.6558 0.82432 NaN 0.35618 NaN 0.26298 NaN 0.14901 0.021723 0.0075251 0.00028398 1.353
0.90944 NaN NaN NaN 0.85263 0.31039 NaN 0.40663 0.039446 0.10517 0.010939 0.0028913 0.00029366 NaN
0.89493 2.0494 0.64925 0.81682 NaN NaN 0.049955 0.45418 0.041808 0.12036 0.01428 0.0048007 NaN 1.0962
0.93613 2.3898 NaN NaN 0.90526 0.37007 NaN 0.28077 0.048447 0.11955 0.014091 NaN 0.00042459 NaN
NaN NaN 0.63974 0.8499 NaN 0.34354 0.051776 0.4879 0.06103 NaN NaN 0.0080813 NaN 1.3805
0.86224 NaN 0.62464 0.85754 NaN NaN 0.050792 0.46952 0.064428 0.16335 NaN NaN 0.00023873 NaN
0.82268 1.6657 0.59909 0.84493 NaN NaN 0.048803 0.43348 NaN NaN 0.033338 NaN NaN 1.5377
0.82135 NaN 0.6025 0.84981 NaN 0.31304 0.056079 NaN NaN 0.16319 NaN 0.0092918 NaN NaN
0.46348 1.0544 NaN NaN 0.47544 0.20039 0.14864 4.0212 NaN 0.053494 0.0028534 NaN 2.9594e-05 0.53199
0.50784 1.0544 0.623 0.73625 NaN NaN 0.13296 NaN 0.014816 NaN 0.0044748 0.0013737 NaN 0.52114
0.47728 NaN NaN 0.76364 NaN 0.23896 NaN 2.1022 0.024036 NaN 0.0064581 0.0018312 NaN NaN
NaN NaN 0.51662 NaN 0.84211 0.33784 0.11438 2.3811 0.0254 0.082047 0.0066868 NaN 0.00012196 NaN
0.50964 NaN 0.70618 NaN 0.56491 NaN NaN NaN NaN 0.080306 NaN 0.0020323 NaN 0.73274
NaN 1.2323 0.60663 0.77037 0.62105 NaN 0.12438 NaN 0.025438 0.096215 NaN 0.0034208 NaN NaN
NaN 1.2291 NaN 0.75574 NaN 0.26004 0.098823 NaN 0.021217 0.073201 0.0053299 0.0013612 NaN 0.79862
NaN 1.1032 NaN NaN 0.8193 0.33753 0.11547 NaN 0.006859 NaN NaN NaN NaN NaN
0.84886 NaN 0.5348 0.81465 NaN 0.37276 0.035424 0.22838 NaN NaN NaN 0.0057424 0.00010856 1.2269
NaN NaN 0.53329 0.76697 0.95088 0.27825 0.039592 0.28528 0.023152 NaN 0.0076564 NaN NaN 0.8079
0.84315 1.8134 NaN 0.84406 NaN 0.49437 0.038509 0.2699 NaN NaN 0.020345 0.0082654 0.00016275 NaN
0.82602 NaN NaN NaN 0.99298 0.57136 0.022152 NaN NaN 0.1012 NaN NaN 0.00016513 NaN
0.86486 NaN NaN NaN 0.97018 0.52669 0.029555 0.15898 0.027883 0.092866 NaN 0.0031577 NaN 0.9961
0.84563 NaN 0.49818 0.92748 1 0.62301 0.014708 NaN 0.025028 0.077667 0.0059959 0.002105 0.00029619 1.1899
0.87163 NaN 0.55339 NaN 1 0.60231 NaN NaN 0.049706 0.1344 NaN 0.0066921 0.00016133 NaN
0.86587 1.9999 NaN 0.97215 0.99474 0.67283 0.0092956 0.015726 0.021192 0.073946 0.0054383 0.0014673 0.00015488 0.78201
0.82373 NaN 0.47458 0.85777 0.98421 0.50374 0.020049 0.073157 0.018698 0.075567 0.005678 0.0023517 NaN NaN
NaN 1.8572 NaN 0.91339 0.97544 0.60526 0.028734 0.15027 0.038283 0.1156 0.013186 NaN 0.00012558 1.1185
NaN 6.0596 0.83612 0.97628 0.98772 NaN NaN 0.098133 0.03683 NaN NaN 0.0032908 0.00022206 1.0185
0.98487 6.0229 NaN 0.96522 1 0.29509 NaN NaN 0.0303 NaN NaN 0.0027833 0.00018341 NaN
0.98853 6.628 0.84928 NaN 0.97719 NaN 0.029032 0.1534 0.032722 0.10283 0.010462 0.0033387 0.00013116 NaN
NaN 5.8308 NaN NaN 1 0.30777 NaN 0.039178 0.019278 NaN NaN 0.0014657 9.7882e-05 0.66403
0.98592 NaN 0.83884 0.96027 0.96842 0.28345 NaN 0.11379 NaN 0.080869 NaN 0.001957 9.1646e-05 0.64839
0.98695 NaN NaN 0.97085 1 0.29288 0.023221 0.09814 0.025859 0.089821 0.0080032 0.0024919 NaN NaN
NaN 6.5173 NaN 0.96846 1 NaN 0.022056 NaN 0.042124 0.11842 0.013829 0.0043818 0.00020215 1.098
0.98361 5.8719 NaN 0.95488 0.98421 0.32134 NaN NaN NaN NaN 0.013327 0.0043872 0.00019465 1.0006
0.98643 NaN 0.84737 0.95274 0.89649 0.29982 NaN NaN 0.028986 0.095642 0.0090645 0.0027526 0.00014425 NaN
0.986 6.1763 NaN NaN 0.99298 NaN 0.011769 NaN NaN 0.13524 0.017961 0.0060176 NaN NaN
0.98824 7.142 0.86069 0.96683 NaN NaN NaN 0.08568 0.024361 NaN 0.0075307 0.0023055 9.7934e-05 0.7396
NaN NaN NaN 0.90378 0.99649 NaN NaN NaN 0.082509 NaN NaN 0.0093049 0.00067871 1.5956
0.53941 1.278 NaN 0.91793 0.97368 0.63545 NaN 0.22147 0.060967 0.15124 NaN NaN 0.00043953 1.2541
NaN NaN NaN NaN 0.99825 0.59707 NaN 0.058744 0.043685 0.12505 0.015397 0.0051037 0.00042441 0.94617
NaN NaN 0.40145 0.89009 0.98421 0.43977 0.047907 0.4177 0.11488 0.19211 0.035592 0.0091838 NaN 2.1004
NaN 1.392 0.41362 NaN 0.96316 0.50892 NaN 0.1301 NaN NaN NaN 0.0078269 0.00036426 NaN
NaN 1.2759 NaN 0.88831 0.97719 0.54283 0.028138 0.1441 NaN 0.14256 0.019917 0.0074501 0.00020354 1.1427
0.4309 1.2825 0.38769 NaN NaN NaN 0.052403 0.49979 0.067688 NaN 0.025566 NaN 0.00043085 NaN
NaN NaN NaN 0.94433 1 NaN 0.013322 0.032299 0.024332 0.10405 0.01071 NaN 4.6307e-05 0.56447
NaN 1.2165 0.37691 0.90161 0.99474 NaN NaN 0.18848 NaN 0.18377 NaN 0.009529 0.00095661 1.9018
0.46098 NaN NaN 0.90459 1 0.56329 0.027061 0.13328 0.092156 0.18249 0.03223 NaN 0.00090962 1.7156
NaN 1.5285 NaN NaN NaN 0.4865 0.034289 0.21399 0.02898 0.10191 0.01028 0.0035859 NaN 0.76676
NaN 1.2902 NaN NaN 0.99474 0.62017 0.023879 NaN 0.047501 0.12228 0.014732 0.0042129 0.00056945 NaN
NaN 1.3539 0.35704 0.93647 0.99825 0.64448 NaN 0.071484 0.045326 0.13137 0.016966 0.0059817 NaN 0.93682
NaN NaN 0.39683 0.88375 0.99649 0.49492 0.030576 0.17015 NaN NaN 0.02093 0.0063685 0.00067747 1.2659
NaN NaN 0.38458 0.90736 NaN NaN NaN 0.41601 NaN 0.18608 0.033467 0.0082395 0.0012682 2.2422
NaN NaN 0.36748 NaN NaN NaN 0.051335 NaN 0.13764 0.18732 NaN NaN NaN 2.5551
0.55362 NaN 0.39517 0.91092 NaN 0.51113 NaN 0.39055 NaN 0.17465 0.0296 0.0094574 0.00074607 1.5807
0.32175 1.1782 0.32151 NaN 0.97544 0.58719 NaN 0.384 NaN NaN NaN 0.0048174 0.0014091 NaN
0.64414 1.37 0.42697 NaN NaN 0.44764 0.055411 0.55882 0.1203 0.19149 NaN 0.0084315 0.0018137 2.2137
0.55977 NaN 0.34301 NaN 0.97544 0.57879 NaN NaN 0.14905 0.25543 NaN NaN 0.00059701 NaN
0.50114 1.2499 0.30101 0.94477 0.9807 0.6743 NaN 0.44415 0.096252 0.23034 NaN 0.025877 0.00026934 NaN
NaN NaN 0.25496 0.94201 0.97368 0.6084 NaN 0.3018 NaN 0.23571 0.052636 0.02418 0.00042353 1.6648
0.46094 1.1366 0.22905 NaN 0.97544 NaN NaN 0.26678 0.11753 NaN 0.046329 0.016554 NaN 1.9866
0.54913 1.2769 0.31283 0.93889 NaN 0.5933 0.041539 0.31404 NaN 0.2605 NaN 0.02379 0.000843 NaN
0.32168 1.1127 NaN 0.95426 NaN NaN 0.05426 0.53584 NaN NaN NaN 0.016252 0.00061195 1.8452
0.38564 1.0471 NaN NaN 0.97368 0.67107 NaN 0.47028 0.13563 0.24744 NaN NaN 0.00086835 1.9757
0.36127 1.0573 0.26213 0.93923 NaN NaN 0.04962 NaN 0.19067 0.28081 0.073089 0.023825 0.0012501 2.6604
NaN 1.1116 0.65626 0.57724 0.59298 0.16867 0.11187 2.2776 0.016001 0.061238 NaN NaN NaN 0.6508
NaN NaN NaN 0.56623 0.6 NaN NaN 3.1143 0.021231 0.079722 0.0063155 0.0019123 7.3919e-05 0.71949
0.43425 1.095 0.68828 NaN NaN 0.15396 0.13761 3.4462 0.021147 NaN 0.0053299 NaN 0.00016376 NaN
0.38501 1.0656 0.63042 0.51223 0.59123 0.13705 0.12292 NaN 0.033373 0.098907 0.0096879 0.0027872 0.00021426 NaN
0.26758 1.1316 0.60128 NaN 0.77368 0.20311 NaN 4.2904 NaN NaN 0.0050792 0.0014652 7.2478e-05 0.63273
0.24465 NaN NaN 0.56524 0.79474 0.21788 0.12522 2.854 0.037595 0.127 NaN 0.006587 0.00010798 0.8331
0.39092 1.087 0.68174 0.50961 NaN 0.15361 0.14082 3.6093 NaN 0.089135 NaN NaN 0.00021044 0.90082
NaN 1.0965 NaN NaN 0.68421 0.1771 0.13017 NaN NaN NaN 0.0092902 0.0028927 0.0001265 0.82383
NaN NaN 0.67203 NaN 0.75263 NaN 0.13006 3.0788 0.015279 0.057592 0.0033059 0.00072847 0.00010983 0.67289
NaN 1.0656 0.69172 0.5233 NaN NaN 0.12987 3.0697 NaN 0.0842 NaN NaN 0.00011284 NaN
0.52382 1.1117 0.67175 0.54701 0.62982 0.15157 NaN 3.4028 0.026434 NaN 0.0073064 0.0021373 0.00016583 0.90513
0.36462 1.0811 0.67755 0.49042 0.68772 0.14118 0.1243 2.8118 NaN 0.11692 0.013485 0.0046475 0.0001769 NaN
0.52212 1.1191 0.70988 0.50678 NaN 0.1412 0.13192 3.1674 NaN NaN NaN 0.0021793 0.0001485 0.82809
0.38203 NaN 0.6901 NaN 0.63684 NaN 0.11852 NaN NaN NaN 0.008632 NaN 0.00012469 0.84994
NaN 1.096 0.68075 NaN NaN 0.13088 NaN 2.9887 0.021943 0.072882 0.0052838 0.0013391 0.00022058 0.80402
NaN NaN NaN NaN NaN NaN 0.11115 2.2486 0.027309 0.088889 NaN 0.0022734 0.00017545 0.86
0.88374 NaN 0.61389 0.8581 0.98246 NaN 0.054511 0.54081 NaN 0.14657 NaN 0.0067378 NaN NaN
0.91579 2.5959 NaN 0.94977 1 NaN 0.024404 0.10839 0.067044 NaN 0.022814 0.0075708 NaN 1.6221
0.82866 NaN 0.50917 0.9418 NaN 0.55942 NaN 0.11857 0.080103 0.16692 0.027107 NaN 0.0004265 NaN
0.87863 2.4734 0.60898 NaN NaN NaN 0.056994 0.59119 NaN 0.16369 NaN 0.0087482 NaN NaN
0.92876 2.8218 NaN 0.93335 NaN NaN 0.046152 0.38767 0.050806 0.13408 NaN NaN NaN 1.4027
NaN 2.6184 0.63236 0.92868 0.99123 0.51584 NaN 0.080956 0.05094 NaN 0.015815 NaN 0.00031804 1.3323
0.92479 NaN 0.62255 0.96226 NaN 0.57504 NaN 0.017453 0.026156 0.10029 0.009958 0.0040505 NaN 0.77718
NaN 2.3499 0.60125 NaN NaN 0.46172 NaN NaN 0.096235 0.18081 0.031658 0.0105 0.00050824 2.3052
0.8728 2.3151 0.58751 0.90716 0.98772 0.45257 0.058029 0.61287 0.07597 NaN 0.029313 0.011448 NaN 1.6895
0.93377 2.8883 0.66665 0.93026 NaN NaN 0.03571 NaN 0.047675 0.12917 0.016412 0.0057866 0.00016113 NaN
0.88185 2.1732 0.57028 0.93013 0.99825 0.45014 0.049062 0.43809 NaN 0.16601 NaN 0.010288 NaN 1.7405
NaN 2.1845 NaN 0.93969 0.99474 0.52611 NaN 0.36199 0.060388 0.14227 0.019839 NaN 0.00031494 NaN
NaN 1.5041 NaN 0.98803 1 0.82342 NaN 0.0029736 0.050064 0.12542 NaN 0.0046629 NaN 1.3598
NaN NaN 0.36231 0.98616 NaN 0.79359 NaN 0.0050342 0.046731 0.1203 0.014265 NaN 0.00026442 1.2681
0.75285 NaN NaN 0.98701 0.99649 0.78037 NaN 0.0038695 NaN 0.11723 0.013556 0.0038164 NaN 1.3539
0.73935 NaN 0.34987 0.98479 1 NaN NaN 0.011095 0.027888 NaN 0.01299 0.0060166 5.0098e-05 NaN
NaN 1.3612 0.28845 0.98738 1 NaN 0.0042318 0.0032593 0.080446 0.15813 NaN 0.0066506 NaN 1.8274
0.62033 1.3105 0.26312 0.98535 1 NaN 0.0049896 0.0045311 0.070042 NaN 0.021025 0.0058018 NaN 1.705
0.64536 NaN 0.28162 0.98646 1 0.84494 0.005427 0.0053602 NaN 0.085949 0.007333 0.0020334 NaN 0.94296
NaN 1.4925 NaN NaN 1 NaN 0.0061511 0.0068862 0.08405 0.17102 NaN 0.0087725 NaN 1.7782
0.70275 1.5016 0.34772 0.98776 0.99825 0.80848 0.0037534 NaN 0.055512 0.12613 NaN 0.004022 NaN 1.4395
NaN 1.4507 0.33575 0.9851 NaN NaN 0.0036582 0.0024356 NaN 0.10889 NaN NaN 0.00016657 1.1363
0.66351 NaN 0.31179 0.98529 1 0.81091 NaN 0.0085907 0.068206 0.13895 NaN NaN 0.00062422 1.7727
0.67362 1.3988 0.30608 NaN 1 NaN 0.0087621 0.013973 0.1196 NaN NaN NaN 0.0016787 NaN
0.64314 NaN 0.28063 0.98631 NaN 0.81381 0.0052732 0.0050608 0.058531 NaN 0.016892 0.0044631 0.00048306 1.5136
0.91298 2.455 0.61097 NaN 0.99825 NaN 0.0095958 0.016758 0.090447 0.1871 0.033823 0.0115 0.000564 1.6879
0.9136 2.5213 0.61341 NaN NaN NaN NaN 0.011208 0.068427 0.14325 NaN 0.0055763 0.00057194 1.7187
NaN 2.457 NaN NaN NaN NaN NaN 0.010799 0.092547 0.18786 0.034088 NaN 0.00046097 NaN
0.91378 NaN NaN 0.96618 0.99649 0.56153 0.0091377 NaN NaN 0.20316 0.039637 NaN NaN 1.8526
NaN 1.9723 0.51434 0.97407 0.99825 0.6792 0.0068392 0.0085129 0.046518 0.13848 0.018816 NaN 0.00015454 1.014
0.91296 2.4862 0.62315 NaN 1 0.51041 0.010684 0.020775 NaN 0.13678 0.018365 0.0048636 0.00052757 NaN
0.93802 2.8087 0.65774 NaN 1 NaN 0.0067321 0.0082485 0.052218 NaN 0.017874 0.0057374 0.00030246 1.2161
0.94058 3.0366 NaN 0.93952 0.99474 NaN 0.031219 0.17738 0.038691 0.1076 0.011445 0.0032156 NaN NaN
0.89672 2.2534 0.57689 0.96488 1 NaN 0.0081422 NaN NaN NaN NaN NaN NaN 1.4575
0.89507 NaN 0.55605 0.97701 NaN 0.64214 0.0053433 0.0051962 0.102 0.19598 0.036988 0.012562 NaN 2.0484
0.88246 2.1 0.5486 NaN 0.99825 NaN 0.0073021 0.0097043 0.10152 0.19717 0.03742 NaN NaN 2.0094
0.90831 2.4038 0.59263 0.97688 0.99825 0.59259 NaN NaN 0.063688 0.1472 0.021208 NaN NaN 1.5332
0.4132 1.0384 0.48465 NaN 0.87018 0.30478 NaN 1.1859 0.047303 0.12619 0.015674 0.0058992 NaN 1.489
NaN NaN 0.474 0.77564 NaN 0.34791 0.069404 NaN 0.10401 0.17923 NaN NaN 0.00074739 2.4883
NaN NaN NaN 0.80214 0.9 NaN 0.073462 0.9822 0.10125 0.17926 0.031133 0.010102 NaN 2.4808
0.60319 NaN 0.51739 0.7638 NaN 0.23802 0.077022 NaN 0.10994 NaN 0.031303 NaN NaN NaN
0.53622 NaN 0.44979 NaN 0.94386 NaN 0.072253 NaN 0.042992 0.12337 0.014993 0.0056501 0.00013103 NaN
NaN NaN 0.5242 NaN NaN NaN 0.065312 0.77635 NaN NaN 0.019969 0.0059582 0.00040634 1.8527
NaN 1.0751 0.55667 0.74395 0.77544 0.27241 NaN 1.1729 NaN NaN NaN 0.007318 NaN 2.2704
0.51153 1.0767 0.47053 NaN 0.90702 0.28838 0.076992 1.0789 NaN 0.17213 0.028776 0.0099656 NaN NaN
0.44271 NaN NaN 0.74434 0.87018 NaN NaN NaN 0.10151 NaN NaN NaN NaN NaN
NaN NaN NaN NaN NaN NaN NaN 1.8435 NaN 0.14273 0.019966 NaN NaN NaN
0.92522 2.695 NaN NaN 0.99298 NaN 0.040707 0.30158 NaN NaN NaN NaN 0.00030237 NaN
0.90557 2.3423 0.58487 0.95943 0.97368 0.55537 0.023542 0.10087 NaN 0.13433 NaN 0.0066757 NaN NaN
0.91885 2.638 0.62859 0.96692 0.99123 NaN 0.020081 0.07339 0.054145 NaN NaN 0.013322 0.00016644 NaN
NaN 2.3863 0.59051 0.90564 NaN 0.5136 0.048934 NaN NaN NaN 0.029562 NaN NaN 1.0734
NaN 3.1174 0.70912 0.79489 0.89298 NaN 0.13457 3.2956 NaN 0.14875 0.021648 0.008569 NaN 1.0503
0.91747 2.7054 0.64091 0.87687 0.98947 NaN 0.089364 NaN 0.042216 0.12098 NaN NaN NaN 1.0097
0.86049 2.0997 0.532 0.9358 NaN 0.5343 0.033994 NaN NaN 0.13592 NaN 0.0080226 NaN 0.82059
NaN NaN 0.59137 0.93186 0.98596 0.51229 0.029398 NaN 0.044185 0.15479 0.0234 0.012336 NaN NaN
0.86988 2.1277 NaN NaN NaN 0.64927 0.027899 0.14166 NaN NaN NaN NaN NaN NaN
0.86675 NaN NaN NaN NaN 0.55141 NaN NaN 0.031023 0.12007 0.014211 NaN NaN NaN
0.96652 3.8162 0.74273 0.82566 NaN NaN 0.1446 3.8052 0.022715 NaN NaN 0.0046292 NaN 0.52175
NaN 2.9367 0.66689 0.92543 0.99474 0.45676 NaN NaN 0.015159 0.071198 0.0050436 0.0017096 4.8527e-05 0.46762
NaN 1.2435 NaN NaN 0.9614 NaN 0.024255 0.10708 0.017543 0.09745 NaN 0.0051286 1.2841e-05 0.37324
NaN 1.2296 0.34897 0.93189 0.97368 NaN NaN 0.11719 NaN NaN NaN 0.0019323 2.4448e-05 NaN
0.62404 NaN NaN 0.91562 0.85088 0.45154 0.097205 1.7197 NaN 0.076408 0.0058043 0.0024109 NaN 0.36029
NaN 1.1574 0.42617 0.91741 0.92456 NaN 0.063396 0.73147 NaN 0.105 0.010904 NaN NaN NaN
0.5684 1.1876 0.48001 NaN NaN 0.3885 NaN 1.4469 NaN 0.10182 NaN 0.0037888 NaN 0.65567
0.62733 1.2441 0.50214 0.90049 NaN NaN 0.092591 NaN 0.02034 0.091645 0.0083289 NaN 4.9071e-05 0.49195
0.58637 1.1419 NaN 0.93305 NaN 0.57323 NaN NaN 0.022886 0.093704 0.0087041 0.0032291 0.00010441 0.54481
0.50771 1.1084 0.25071 NaN NaN 0.64927 NaN 0.12256 0.013493 0.073509 NaN 0.0021246 NaN 0.3475
NaN NaN NaN NaN 0.95263 0.54871 0.058835 NaN 0.016202 0.074883 0.0055761 0.0018797 7.1264e-05 NaN
NaN 1.202 0.47365 NaN 0.86842 0.44347 0.077616 1.0964 NaN 0.10386 NaN 0.005084 3.1292e-05 0.48911
0.65048 1.2354 0.44987 0.90929 0.89123 NaN NaN 0.9097 0.0093349 NaN 0.0034924 NaN NaN NaN
0.64604 1.4683 NaN 0.9588 0.99123 NaN 0.02021 0.074334 NaN NaN 0.015925 0.0037362 0.0012496 1.3596
0.55457 1.2955 0.25519 0.97441 0.99825 0.7824 NaN 0.026483 0.020129 NaN NaN NaN 0.00012751 0.60629
0.4443 1.2035 NaN 0.98319 1 NaN NaN NaN 0.029059 0.10265 0.010427 0.003627 0.00011748 NaN
0.6368 NaN NaN 0.9747 0.99825 NaN NaN NaN 0.028272 0.084495 0.0070888 NaN 0.00031351 NaN
0.64168 1.4853 NaN 0.95562 0.99825 0.72952 0.017439 0.05535 0.02413 NaN 0.0055403 0.001194 0.00031921 0.82279
0.58232 NaN 0.29271 0.95055 NaN 0.71499 0.026876 0.13146 0.068134 0.13204 0.017136 0.0036798 0.0014697 NaN
0.44567 1.2107 0.20257 0.97104 0.99123 NaN 0.016177 0.047628 NaN NaN NaN 0.0013865 0.00016174 NaN
0.67925 NaN 0.33465 NaN NaN 0.7713 0.012399 0.02798 NaN 0.044132 0.0019439 NaN 3.6857e-05 0.28857
NaN 1.0944 0.1745 0.97545 NaN 0.81957 0.016114 0.047259 NaN 0.087092 0.0075278 NaN NaN 1.0292
0.53283 1.3078 0.25925 NaN 1 0.77065 NaN 0.057312 NaN 0.12259 NaN NaN NaN 1.1886
0.52828 NaN 0.2238 0.98317 NaN 0.82495 NaN 0.01958 0.047482 NaN NaN NaN 0.0011976 1.341
0.35236 1.146 0.20076 NaN NaN 0.71333 0.017729 0.057204 0.033249 0.099068 NaN 0.002653 0.00035728 NaN
0.64897 1.4597 0.3304 NaN 1 0.75323 NaN NaN NaN NaN 0.0025203 NaN 0.00013299 0.49261
NaN NaN NaN 0.91337 0.98596 0.60738 NaN 0.39055 0.097628 NaN 0.032992 NaN 0.001043 NaN
0.71573 1.3808 0.37798 0.95035 0.99123 0.68138 NaN 0.11445 NaN NaN 0.051004 NaN 0.00044425 1.5025
0.81957 NaN 0.49513 NaN NaN NaN NaN NaN 0.097894 0.20665 NaN 0.015521 0.0007191 1.5452
0.83029 1.633 0.49437 0.92597 0.96842 NaN NaN NaN 0.13423 0.2648 0.065523 0.029786 0.00074416 1.7493
0.75259 NaN NaN 0.91036 0.99298 0.65821 NaN 0.35495 0.12959 NaN NaN 0.026003 NaN 1.813
0.7831 NaN NaN 0.94648 NaN 0.65478 0.038706 NaN 0.12607 0.24469 NaN 0.023259 0.00066766 NaN
0.78823 1.6027 NaN 0.91357 0.95614 0.62781 0.060707 NaN 0.12958 NaN 0.059803 0.025228 NaN 1.7489
0.83094 1.6643 NaN 0.96016 NaN NaN NaN NaN NaN NaN 0.057789 NaN 0.00078336 NaN
NaN NaN 0.43032 0.95417 1 0.71101 NaN NaN NaN NaN 0.04395 0.013032 0.0010116 2.2764
NaN 1.5028 0.34887 0.9828 1 0.80144 0.0053647 NaN 0.029255 NaN 0.010553 0.0043013 9.1642e-05 NaN
0.82775 NaN 0.48769 NaN 0.99825 0.68405 0.01619 0.047706 0.022041 NaN 0.0076781 NaN 6.8766e-05 NaN
0.55626 1.2516 0.23975 0.9802 NaN 0.81411 0.0073087 0.009722 0.056955 NaN 0.031157 NaN NaN 0.98858
0.29901 NaN 0.10761 0.98386 1 0.84936 0.011462 0.023912 0.032883 0.096034 0.0091383 0.0025695 0.00018734 1.0837
NaN 1.1577 0.16908 0.97886 1 0.71192 NaN 0.0143 0.037174 0.11384 NaN 0.0044407 0.00014852 1.0089
0.5895 NaN 0.24364 0.98173 NaN 0.82082 0.0074388 0.010071 0.041688 NaN 0.013223 0.0041 NaN NaN
0.322 NaN NaN 0.98017 NaN 0.81953 NaN 0.030347 0.076267 0.18383 0.03269 NaN 0.00026309 NaN
0.482 1.1415 NaN NaN 1 NaN 0.0072199 NaN 0.021863 0.079283 0.0062465 NaN NaN NaN
0.87402 NaN 0.55373 0.96281 0.98421 0.56448 NaN 0.070316 NaN 0.10946 0.011839 0.0038499 0.00021407 1.0693
0.58138 NaN NaN 0.98704 1 0.83511 0.0046582 0.0039492 NaN 0.11304 0.012618 0.0036743 0.00033322 1.0368
NaN 1.0732 0.14538 0.98155 NaN NaN 0.0042083 0.0032232 0.04953 NaN 0.021691 0.010419 0.00010258 1.1781
0.82556 1.6903 NaN 0.97153 NaN 0.70462 0.019154 0.066774 0.025981 NaN NaN 0.0045965 4.4538e-05 0.67306
0.60267 NaN NaN NaN 1 NaN 0.0084333 0.012944 0.017777 NaN 0.003803 0.00091963 0.00015231 0.85839
0.66906 NaN NaN 0.9877 1 0.85816 0.0048599 NaN 0.031488 0.094241 0.0088032 0.0025337 0.00019057 NaN
0.8138 1.737 0.42956 0.98956 NaN 0.79117 NaN NaN NaN 0.10399 0.010699 NaN NaN 1.0284
NaN 1.4779 0.3298 NaN NaN 0.8423 NaN NaN NaN NaN 0.0066634 0.0017846 0.0001939 0.9805
NaN 1.6549 0.40919 0.98964 1 0.815 0.0048968 0.0043641 0.028693 0.091008 0.0082145 NaN NaN NaN
0.81354 NaN 0.41016 0.99256 1 NaN NaN 0.0039096 0.031342 0.096493 NaN NaN NaN 1.0171
0.8561 1.873 NaN 0.98047 1 0.6913 NaN 0.015501 0.047961 0.1039 0.010681 0.0024623 0.00080703 NaN
0.75968 1.5763 NaN 0.98731 NaN 0.82323 NaN NaN NaN NaN 0.0095526 NaN 0.00023404 1.1433
0.8031 NaN 0.40268 0.97695 1 0.79833 0.010883 0.021558 NaN 0.10227 0.010352 NaN NaN NaN
0.79389 1.5303 NaN 0.96802 0.99649 0.79209 NaN NaN 0.04703 0.11769 NaN 0.0041812 0.00034846 NaN
NaN NaN NaN 0.98949 NaN 0.76603 NaN 0.0048816 0.017792 0.074392 0.0055037 NaN NaN 0.62317
0.946 3.3475 0.7081 NaN 1 NaN NaN 0.22851 0.054986 NaN 0.016886 NaN 0.00051238 1.3088
0.93038 NaN 0.67525 NaN 1 0.50964 0.027111 0.13377 NaN 0.12329 0.014972 0.0041932 NaN 1.3848
0.91549 2.6796 0.62862 0.96381 1 0.55874 0.019083 NaN NaN NaN 0.038028 NaN 0.00057453 1.9702
0.87202 2.1536 0.53817 NaN 1 0.65619 0.020327 0.075203 NaN 0.18726 NaN NaN 0.00036142 NaN
0.91328 2.5654 NaN NaN NaN NaN 0.006726 NaN NaN 0.19225 0.035644 NaN 0.00061603 1.6701
NaN 2.6668 NaN 0.97894 1 0.58002 0.010311 NaN 0.1125 0.19785 0.037671 0.011205 0.00078875 2.2241
NaN NaN 0.62998 NaN 1 NaN 0.0049218 0.0044087 0.10467 NaN 0.033997 NaN 0.00085264 NaN
NaN 2.7289 NaN NaN NaN 0.55519 0.022351 0.090925 0.068514 0.1525 0.022728 0.0070313 NaN 1.5681
0.8762 2.2436 0.56314 0.98425 1 0.65133 NaN 0.018915 0.14482 0.22485 NaN 0.013423 0.0012638 NaN
0.92081 2.9198 NaN 0.96861 NaN 0.52299 0.011587 0.024437 NaN NaN 0.027581 0.01122 0.00024357 1.2406
0.86832 NaN 0.54004 0.98483 1 NaN NaN 0.0149 0.11927 0.2052 0.040405 NaN NaN NaN
0.93323 3.222 NaN NaN 1 NaN 0.022654 0.093403 0.075307 0.17561 NaN 0.011062 NaN 1.4215
0.8375 1.9512 0.4905 0.968 0.98246 0.65138 0.016224 0.047908 0.0051195 NaN NaN 0.0003224 1.1238e-05 NaN
0.83275 2.0014 0.50157 0.9557 0.99649 0.67019 NaN 0.14702 0.0092534 0.051082 NaN NaN 4.0071e-05 NaN
0.84579 2.0052 0.49931 NaN NaN 0.65149 0.019981 0.07266 NaN 0.036189 NaN 0.00035119 8.7642e-06 NaN
0.74053 1.6378 NaN 0.9666 1 0.74844 0.025032 0.11404 0.0083497 NaN 0.0020561 NaN NaN 0.38449
NaN 1.8903 0.47248 NaN NaN 0.661 0.023836 NaN 0.0057361 0.037634 0.0014143 0.00036897 NaN 0.27099
NaN NaN NaN 0.96505 NaN 0.69746 NaN NaN 0.0056632 NaN NaN 0.00022942 3.7442e-05 0.29502
NaN NaN 0.51732 0.9451 NaN 0.6071 0.039781 0.28802 0.0081002 0.044849 NaN 0.00050789 NaN 0.34316
0.8187 1.9126 NaN 0.94904 0.99298 0.58585 0.03806 0.26364 NaN 0.034026 0.0011564 NaN 1.5463e-05 NaN
0.78965 NaN NaN 0.94929 1 NaN NaN 0.16787 0.008049 0.04345 0.0018843 0.00045429 2.9147e-05 0.36533
0.80728 NaN NaN 0.95012 0.99298 NaN 0.028443 0.14724 0.0096387 0.060095 0.0035984 NaN 1.6802e-05 0.27688
0.80393 1.8829 0.4698 0.93066 NaN NaN 0.043787 0.34894 NaN 0.061975 NaN 0.0014329 NaN 0.28509
0.85451 2.06 0.51569 0.968 0.98421 NaN 0.025453 0.11791 0.0079224 0.044948 0.0020163 0.00051981 NaN 0.32598
NaN 1.2166 0.27943 0.93462 0.99123 0.4092 0.016089 0.047113 0.096518 0.17131 NaN 0.006963 0.0015453 1.851
0.52914 NaN NaN NaN NaN 0.51693 0.019009 NaN 0.14675 NaN NaN 0.0073471 NaN NaN
NaN 1.1011 NaN 0.94995 NaN NaN 0.012818 NaN 0.14279 0.20537 0.04047 NaN 0.0018094 2.579
0.55518 1.2318 0.25226 0.94783 0.99123 0.54965 0.015115 0.041582 0.059148 0.13996 0.019211 NaN NaN NaN
0.35141 1.1428 0.24265 0.93638 NaN 0.47846 NaN 0.070781 0.1074 NaN NaN 0.0089893 0.0015026 NaN
0.4803 1.2022 0.26797 NaN NaN 0.52139 0.022778 NaN 0.066259 0.14818 0.021485 0.0061942 0.00073522 1.3669
0.19287 NaN 0.25044 0.93641 0.99474 NaN 0.019693 0.070581 0.055935 0.1303 NaN 0.0045832 NaN 1.4111
0.49634 1.1832 0.22855 0.94687 0.98947 0.58613 0.017327 NaN 0.047106 0.12748 NaN 0.0051731 NaN NaN
0.33254 1.1208 0.27473 0.93625 NaN 0.49836 0.024394 0.1083 NaN 0.16882 0.027709 NaN 0.0012335 NaN
0.39606 NaN NaN 0.94064 NaN NaN NaN 0.11598 0.051625 NaN 0.014228 NaN 0.00038216 1.4943
0.41933 1.1928 NaN 0.93428 0.98947 0.50688 0.020948 0.079866 0.057408 0.12508 NaN NaN NaN 1.6497
NaN 1.1629 0.24078 NaN 0.99298 0.63919 0.020279 0.074844 0.028432 0.095746 0.0090841 0.002812 NaN NaN
NaN 9.4912 NaN 0.84991 0.97368 0.17429 0.082108 NaN NaN 0.060688 0.0036695 0.0010735 5.216e-05 NaN
NaN NaN 0.92239 0.86962 0.99123 0.14581 NaN 0.76404 0.011176 0.057808 NaN 0.00098398 NaN 0.3731
0.99767 NaN NaN 0.67005 NaN NaN NaN 7.2062 NaN NaN 0.0026048 0.00066765 4.5324e-05 0.39905
0.99456 9.7351 0.90444 0.93346 0.98421 NaN NaN 0.079479 NaN 0.075247 0.0056302 0.0019012 4.441e-05 0.48992
0.997 12.548 0.92397 NaN NaN 0.16105 0.026941 0.1321 NaN 0.057812 0.0033311 0.0010891 2.9179e-05 0.3101
0.99698 10.913 0.93836 NaN NaN 0.11552 NaN NaN NaN 0.055629 0.0030851 0.00089618 NaN 0.37415
0.99551 9.6915 0.91233 NaN 0.93509 0.17567 0.049695 0.44946 0.013721 0.067649 0.0045556 0.0015063 NaN 0.41054
NaN 8.991 0.92789 0.68687 NaN NaN 0.18853 6.4689 0.013268 0.068973 0.0047347 NaN 3.4802e-05 NaN
0.99583 9.1366 0.92503 NaN 0.90702 0.15101 0.17918 5.8432 NaN NaN 0.0019474 0.00070285 6.9241e-06 0.1694
NaN NaN 0.92461 NaN 0.90702 NaN NaN NaN 0.0082902 0.052333 0.0027313 0.00090459 1.5362e-05 0.27303
NaN 9.1985 0.91119 0.8375 0.98421 0.17712 NaN 0.55887 NaN 0.079996 0.0063587 0.0024534 NaN 0.38686
0.86224 NaN NaN 0.98686 NaN 0.70529 0.010097 NaN 0.041404 0.12163 0.014579 NaN 0.00027608 0.9458
0.87024 2.1094 0.52863 0.9836 0.99298 0.60784 NaN NaN NaN 0.091391 0.0082832 NaN 0.00016093 NaN
0.86248 2.0398 NaN 0.98831 1 NaN 0.0057488 0.0060148 0.052681 NaN 0.019064 NaN 0.00045928 NaN
NaN NaN 0.57721 0.98504 1 0.58743 0.0044044 0.0035306 NaN 0.077826 0.0060204 0.0015394 0.00021043 NaN
0.88566 2.2029 NaN 0.98635 1 0.59039 0.0037601 NaN NaN 0.12459 0.015285 0.0056604 NaN 0.84271
0.88078 2.147 0.54028 0.98989 NaN 0.71926 0.0031646 0.0018226 0.044894 0.12906 0.016385 NaN 0.00032291 0.96576
0.88485 NaN NaN 0.97997 0.99825 0.67974 NaN 0.015166 NaN 0.087206 NaN 0.0021518 0.00017873 NaN
NaN 2.2553 0.56472 0.98284 NaN 0.67537 0.012123 0.026749 0.022251 NaN 0.0069433 0.0020893 0.00016304 0.60779
0.83188 NaN NaN NaN NaN 0.75011 0.0049353 0.0044331 0.034814 0.10867 NaN 0.0036787 0.0003005 0.80348
NaN NaN NaN 0.98449 NaN NaN NaN 0.0084843 0.015559 0.070923 0.005005 NaN 6.9367e-05 0.44798
NaN 1.6815 0.41383 NaN NaN NaN 0.013524 0.033289 NaN NaN 0.0057932 NaN 7.0661e-05 0.43227
0.69887 1.4947 NaN 0.97906 1 0.74423 0.0070445 0.0090318 NaN 0.15809 NaN 0.0079843 0.00066857 1.2554
0.60555 NaN 0.29569 0.97439 NaN NaN 0.010821 0.02131 0.1363 0.20829 NaN 0.010017 NaN NaN
0.79495 1.7056 NaN 0.98477 NaN 0.76317 0.0074486 NaN NaN 0.14621 0.020929 0.0061549 0.00065287 NaN
NaN NaN 0.4065 NaN 1 0.75126 NaN 0.017638 0.020477 0.09052 0.0081274 0.0031335 NaN 0.4391
0.69398 1.4542 NaN NaN 0.99474 0.79449 0.0063863 0.0074227 NaN 0.16552 0.026666 NaN 0.00077178 1.5438
NaN 1.8698 0.47287 0.97829 NaN NaN 0.0074141 0.010004 NaN 0.142 0.019765 0.004991 NaN 1.4857
NaN 1.4399 0.32986 0.98318 1 NaN 0.0070802 0.0091235 0.083675 0.17243 0.028872 NaN NaN 1.5313
0.72174 1.5301 0.35707 0.97994 0.99649 NaN NaN 0.03339 0.040677 0.11435 0.012908 NaN 0.00036093 0.98926
0.73067 1.5145 NaN 0.98686 1 0.81119 0.017693 NaN NaN NaN 0.02758 0.0081927 0.00084762 1.552
0.65119 1.4026 0.30387 0.9799 NaN NaN 0.0082573 0.012409 0.10567 0.185 0.033093 0.0087245 NaN NaN
0.71999 NaN NaN 0.97599 0.99825 0.77145 0.013975 0.035546 0.11997 0.19286 0.035863 NaN NaN NaN
0.99571 10.352 0.90609 0.90652 NaN 0.16732 0.025787 0.12103 0.023523 0.089455 0.0079387 0.0028882 6.9318e-05 0.73774
0.99569 9.9653 0.90578 0.91515 0.9807 NaN 0.023896 0.10392 0.020381 NaN 0.0067759 NaN 5.0484e-05 NaN
NaN 11.361 0.914 0.91815 NaN NaN 0.019976 NaN 0.020667 0.085514 NaN 0.0028469 4.6487e-05 NaN
NaN 16.832 0.94116 0.85531 NaN 0.094537 NaN 0.23384 0.012341 0.066682 NaN 0.0017052 NaN 0.41828
NaN 15.068 0.93667 0.8807 0.95789 NaN NaN NaN 0.011686 0.054827 NaN NaN 4.3787e-05 NaN
0.99512 10.377 NaN 0.92135 0.99825 0.17941 NaN 0.050433 0.0204 0.071662 0.0051092 0.0012661 0.00017021 0.71514
0.99505 10.736 NaN NaN 0.99649 0.18236 NaN NaN NaN NaN 0.0048222 0.0013129 NaN 0.59218
0.99518 10.421 NaN 0.96551 0.98947 0.20051 0.0077228 0.010855 NaN 0.080385 0.0064203 0.0019168 9.5565e-05 0.66405
NaN 10.63 NaN 0.88866 NaN 0.15967 0.025636 NaN NaN NaN 0.0042611 NaN NaN 0.52178
0.99515 10.007 0.90328 0.91594 0.97719 0.16244 0.033129 0.19975 0.017258 NaN 0.004966 NaN 7.1555e-05 0.59946
0.99871 NaN NaN NaN 0.90702 0.086183 0.073048 NaN NaN NaN 0.0023072 NaN NaN 0.34029
0.9109 NaN 0.6106 0.97388 0.99825 NaN 0.01972 0.070775 0.10132 NaN NaN 0.0074614 NaN 2.3847
0.90391 2.458 0.5977 0.9861 1 0.61429 0.0067013 NaN 0.08902 NaN 0.027151 0.007219 0.00096593 1.8937
NaN 2.582 0.62394 0.96837 0.99825 0.55674 0.031714 0.18305 0.079387 NaN NaN 0.0074124 0.00069878 1.6951
0.91708 NaN NaN 0.98493 1 0.57926 NaN NaN 0.082187 0.16877 0.027693 0.0085027 NaN 1.7157
0.9166 2.6711 0.6333 NaN NaN 0.51619 0.017465 NaN 0.10368 NaN 0.031721 NaN NaN 1.973
NaN 2.4203 0.59323 NaN 1 0.60794 0.01743 0.055294 0.10102 0.18748 0.033957 0.0098155 0.0011793 1.8275
0.93847 3.0198 NaN 0.98733 1 NaN NaN 0.010621 0.07629 0.18017 NaN 0.011932 NaN 1.2434
0.89518 2.3875 0.581 NaN NaN 0.63833 0.0077926 NaN 0.07304 0.1591 NaN 0.0073807 0.00084138 1.408
0.91707 2.6504 0.63359 NaN 0.99298 0.53972 0.012062 0.026481 NaN NaN 0.032861 0.0089657 0.0014149 1.7979
0.92535 2.803 0.65133 0.976 1 NaN 0.015435 0.04336 NaN NaN 0.032533 0.0091801 NaN 1.8033
NaN NaN NaN 0.94843 0.95614 0.51186 0.045037 NaN 0.041345 0.13297 0.017374 NaN 0.00018923 0.83183
NaN 1.1025 0.73351 0.72022 NaN 0.17954 0.076072 1.0532 0.059213 NaN NaN 0.0095408 0.00024731 1.2042
0.47124 1.1349 NaN NaN 0.47368 0.093982 0.096492 NaN 0.098618 0.21062 NaN 0.016848 0.00058101 1.5913
0.3687 1.0456 0.77124 NaN 0.77368 NaN 0.075187 NaN 0.074488 0.17993 0.031359 0.012414 0.0003469 NaN
NaN 1.0558 0.77733 0.73454 NaN NaN 0.08041 NaN 0.10395 0.1806 0.031585 0.0080165 0.0014315 1.9975
0.68069 NaN 0.78745 NaN 0.6 0.14029 0.072447 NaN NaN 0.18451 0.032923 NaN 0.00059383 NaN
0.37522 1.1417 0.81725 0.68511 NaN 0.12523 NaN 1.5358 0.11488 0.20861 0.041703 NaN 0.00082033 2.0281
NaN 1.0849 NaN NaN 0.71404 0.13686 0.078996 1.1358 0.14122 NaN 0.045488 0.012002 0.0015154 2.4059
0.35344 1.0329 NaN 0.70737 NaN NaN 0.089763 1.4664 NaN NaN 0.041101 0.016123 NaN 1.6935
0.59988 NaN 0.71532 NaN 0.47544 0.15747 NaN 2.3394 NaN 0.13585 0.018121 NaN NaN 1.1526
NaN NaN 0.85409 NaN NaN 0.078376 NaN 3.184 NaN 0.18782 NaN 0.013487 NaN 1.5623
