5
5
5
5
5
5
5
5
5
5
5
5
10
10
10
10
10
10
10
10
10
10
9
9
9
9
9
9
9
9
9
9
18
18
18
18
18
18
18
18
25
25
25
25
25
25
25
25
25
25
25
25
6
6
6
6
6
6
6
6
15
15
15
15
15
15
15
15
15
15
24
24
24
24
24
24
24
24
24
24
24
23
23
23
23
23
23
23
23
23
23
23
23
23
23
1
1
1
1
1
1
1
1
1
1
1
1
1
29
29
29
29
29
29
29
29
29
29
29
29
29
29
29
29
19
19
19
19
19
19
19
19
19
19
19
19
20
20
20
20
20
20
20
20
20
20
20
20
20
12
12
12
12
12
12
12
12
12
12
12
12
13
13
13
13
13
13
13
13
13
13
4
4
4
4
4
4
4
4
4
4
4
4
27
27
27
27
27
27
27
27
27
27
27
14
14
14
14
14
14
14
14
14
14
14
14
14
0
0
0
0
0
0
0
0
0
2
2
2
2
2
2
2
2
2
2
2
2
8
8
8
8
8
8
8
8
8
8
8
28
28
28
28
28
28
28
28
28
28
28
28
16
16
16
16
16
16
16
16
16
16
16
16
21
21
21
21
21
21
21
21
21
21
21
21
11
11
11
11
11
11
11
11
11
11
11
22
22
22
22
22
22
22
22
22
22
22
17
17
17
17
17
17
17
17
17
17
17
3
3
3
3
3
3
3
3
3
3
3
26
26
26
26
26
26
26
26
26
26
26
7
7
7
7
7
7
7
7
7
7
